   -0.20510196
   -0.20652123
   -0.01896383
    0.07246098
   -0.04970192
    0.04371632
   -0.04092080
    0.03936902
    0.08025245
    0.01171197
    0.08005340
   -0.04212736
    0.03553864
   -0.05076342
    0.04256271
    0.07083342
   -0.03118772
    0.14238084
   -0.07346034
   -0.03496354
    0.05497361
   -0.07249199
    0.14243709
   -0.20678490
   -0.21114360
   -0.01985207
    0.07238507
   -0.04707700
    0.04353332
   -0.03897471
    0.03923909
    0.07942927
    0.00839796
    0.07981827
   -0.04294591
    0.03562702
   -0.05236007
    0.04263694
    0.06931362
   -0.02939467
    0.13963710
   -0.06972860
   -0.03491310
    0.05718408
   -0.06991035
    0.14215415
    0.84486394
   -0.56250474
   -0.02852780
    0.07067496
    0.07545739
   -0.05520569
   -0.16445331
   -0.05388339
   -0.16070461
    0.07654673
   -0.03123053
    0.27705669
    0.19506857
    0.07830462
    0.27806953
    0.19784947
    0.05334128
   -0.45837780
   -0.04352584
   -0.46020365
   -0.03796737
   -0.05222006
    0.06484424
   -0.04148155
   -0.04878104
    0.06670985
   -0.04138048
    0.07749915
    0.07191810
    0.08183817
    0.35864581
    0.07334136
    0.08696461
    0.08067035
    0.35843144
   -0.28845551
   -0.46028796
   -0.29468313
   -0.45363065
    0.11866042
    0.12151076
   -0.12370001
   -0.12360426
    0.05028218
   -0.12201871
   -0.11863427
    0.04482826
    0.05460076
    0.05777044
    0.05661856
    0.05522589
    0.06176633
    0.06399134
    0.05535178
    0.06461024
    0.06147317
    0.04926830
    0.06021825
    0.05828707
   -0.02818741
    0.07177380
    0.07554885
   -0.05484872
   -0.16151914
   -0.05384416
   -0.16077454
    0.07642845
   -0.03117958
    0.27622256
    0.19440186
    0.07742511
    0.27785685
    0.19751061
    0.05381925
   -0.45712392
   -0.04027839
   -0.45970018
   -0.03792907
   -0.05052667
    0.05826916
   -0.04191502
   -0.04914230
    0.06458807
   -0.04092599
    0.07796730
    0.06978511
    0.08245086
    0.35780614
    0.07494123
    0.08622722
    0.07985586
    0.35829449
   -0.28936428
   -0.45368305
   -0.29411395
   -0.45345189
    0.12102094
    0.12023330
   -0.12469296
   -0.11963594
    0.04750069
   -0.11722728
   -0.12409355
    0.04836979
    0.05750749
    0.06413783
    0.06338996
    0.05067013
    0.06100738
    0.05895275
    0.04778554
    0.05775070
    0.05931310
    0.05737128
    0.06253608
    0.06414661
    0.04660884
    0.04768207
    0.05291230
    0.05000587
   -0.29585698
   -0.28977025
   -0.28515374
   -0.28757366
    0.13703114
   -0.04826842
   -0.04773449
   -0.03135192
    0.04967704
   -0.03120730
    0.05027117
   -0.03514225
    0.05123998
    0.05174603
    0.05082457
    0.13855334
   -0.04988751
   -0.04686170
   -0.03181311
    0.04273484
   -0.02998849
    0.05125326
   -0.03646872
    0.04815752
    0.05123142
    0.04844263
    0.13769405
   -0.05362113
   -0.04606320
   -0.03206802
    0.04483308
   -0.02774223
    0.04435838
   -0.03846858
    0.04313161
    0.05255398
    0.04593962
    0.13812243
   -0.05093450
   -0.04861459
   -0.03220521
    0.04140550
   -0.03034522
    0.05191468
   -0.03718692
    0.04893908
    0.05061900
    0.04848855
   -0.29968406
    0.11417666
   -0.03891736
   -0.02681702
   -0.02553218
   -0.03756905
    0.00995842
   -0.05790357
   -0.04959504
   -0.00532174
   -0.04893896
   -0.02707207
   -0.03385057
   -0.04244869
    0.03656561
    0.04290427
    0.04839780
    0.05250009
    0.05623015
    0.06569373
    0.06195629
    0.02864395
    0.04473417
    0.05350223
    0.04417983
