           1           4   1.2489763079554206     
           3           4   1.2982461619671362     
           4           5   1.1667201056135643     
           5           6  0.96930580753536577     
           5           7   1.6519097398207887     
           7           8  0.96974398276279683     
           1           9   1.2490089214923121     
           7           9   1.1682638918668222     
           9          10   1.3098614267540707     
           2          11   1.2479843396515549     
          10          11   1.3168522881489624     
          11          12   1.1641708719290946     
          12          13  0.97004501874758187     
          12          14   1.6572436373687869     
          14          15  0.96955261881300547     
           2          16   1.2491572701444700     
          14          16   1.1631105726590238     
          10          17   1.0042826436604344     
          17          18   1.3385364845611964     
          18          19   1.3646764533064470     
          17          20  0.10052506780618939     
          19          20   1.4382062511673188     
          20          21  0.96816224240952442     
          20          22   1.4421561089764907     
          17          23   1.3379767731851162     
          22          23   1.3621078304333989     
          16          26   1.3058778770013981     
          24          27   1.2404484477709234     
          26          27   1.3026324689170228     
          27          28   1.1698202589048117     
          28          29  0.96711391972560601     
          28          30   1.6399016670958311     
          30          31  0.96976800321511536     
          24          32   1.2347556922622991     
          30          32   1.1731934094720700     
          32          33   1.3156294397250707     
          25          34   1.2530916228022591     
          33          34   1.3081547759113004     
          34          35   1.1665207349478930     
          35          36  0.97011218680005740     
          35          37   1.6540604907690346     
          37          38  0.96926242814020980     
           3          39   1.3103365102890505     
          25          39   1.2411221482204200     
          37          39   1.1644210548525933     
          33          40   1.0053564491481812     
          40          41   1.3388707354027245     
          41          42   1.3676968204006208     
          42          43   1.4385002114929022     
          43          44  0.96792609481990244     
          43          45   1.4410115664828560     
          40          46   1.3393529977141880     
          45          46   1.3640132058452783     
           1          47  0.57585851617819106     
           2          47  0.58197509378210399     
          24          47  0.60322720226125748     
          25          47  0.57908253028635059     
          47          48  0.59034150074408509     
          26          49  0.99711070398468671     
          49          50   1.3477032384148424     
          49          51   1.3382695422409114     
          50          52   1.3698330846407238     
          50          53   1.0633152160446113     
          51          54   1.3647544842309962     
          51          55   1.0763965053608087     
          52          56  0.95771330801311549     
          52          57   1.4384805301330861     
          54          57   1.4441731980471446     
          53          58   1.2092001743655305     
          53          59  0.91018658215019987     
          54          60  0.95572485454850242     
          55          61   1.2046049661700078     
          55          62  0.91853627011452821     
          57          63  0.96804179782272448     
          53          64  0.16483394069396989     
          58          64   1.6624912447682143     
          58          65  0.99169881008731320     
          55          66  0.15993694292481861     
          61          66   1.6581585830996726     
          61          67  0.99954490186389278     
          65          68  0.95681039278084989     
          65          69  0.95994442317166617     
          65          70  0.89261463626632886     
          68          70  0.94633598673614949     
          67          71  0.95571862156636267     
          67          72  0.96429157815502509     
          67          73  0.88645602912419508     
          71          73  0.94320131205852231     
          68          74  0.97335424627872091     
          68          75  0.97456745388188970     
          70          76  0.96407786925876660     
          70          77   1.0057472387686037     
          71          78  0.97385941976077139     
          71          79  0.96749588128308417     
          73          80  0.96335381360363692     
          73          81   1.0129431333164736     
          77          82   1.1500548479295540     
          77          83   1.6918665947377320     
          82          83  0.17040989335747819     
          81          84   1.1326290090605535     
          81          85   1.6987151429309333     
          84          85  0.16697693193615487     
          82          86  0.89876656692188106     
          84          87  0.90421339850520499     
          86          88   1.0021038947439287     
          86          89   1.0070463205516458     
          86          90  0.96129140463592477     
          87          91   1.0068386387222639     
          87          92   1.0028373414472942     
          87          93  0.96164766082485453     
          88          94  0.96375102822855507     
          88          95  0.98449731170872845     
          88          96  0.98192371659531363     
          89          97  0.98442611613438091     
          89          98  0.98133790979122171     
          89          99  0.98335222642165232     
          91         100  0.98474685863282085     
          91         101  0.98340480808509878     
          91         102  0.98189557038827269     
          92         103  0.98509880651036386     
          92         104  0.98198404594868949     
          92         105  0.98453594642267683     
           3         106   1.0012754259817269     
         106         107   1.3434352507242766     
         106         108   1.3386886520197852     
         107         109   1.3712058251859531     
         107         110   1.0647393644338192     
         108         111   1.3651142577095634     
         108         112   1.0758940252214513     
         109         113  0.95812686303566663     
         109         114   1.4373881566017617     
         111         114   1.4438355767662281     
         110         115   1.2112546595866587     
         110         116  0.91816512279631224     
         111         117  0.95674483935589705     
         112         118   1.2040396899415564     
         112         119  0.91921321932660871     
         114         120  0.96807765189525385     
         110         121  0.16620874868134461     
         115         121   1.6634810956672854     
         115         122  0.99021734389722038     
         112         123  0.16043512501321308     
         118         123   1.6586445243149290     
         118         124  0.99969611903215305     
         122         125  0.95501165485407624     
         122         126  0.96292976193835822     
         122         127  0.89870054188839998     
         125         127  0.94317122570270095     
         124         128  0.95762713623551832     
         124         129  0.96505049035925539     
         124         130  0.88244634912003361     
         128         130  0.94542500641179250     
         125         131  0.97334877025308231     
         125         132  0.97460882549907912     
         127         133  0.96417899701858523     
         127         134   1.0050726447643110     
         128         135  0.97342035795041770     
         128         136  0.96707211126657322     
         130         137  0.96409598317636258     
         130         138   1.0118515833185486     
         134         139   1.1465341355590872     
         134         140   1.6960394777704457     
         139         140  0.17022669501858806     
         138         141   1.1344744928916484     
         138         142   1.6987559396078862     
         141         142  0.16745196228798348     
         139         143  0.89983447352953505     
         141         144  0.90338592989379263     
         143         145   1.0072019299746220     
         143         146   1.0035392607909568     
         143         147  0.96075820078677932     
         144         148   1.0024795208927373     
         144         149   1.0073665169732524     
         144         150  0.96143990705872806     
         145         151  0.98439087332482633     
         145         152  0.98331950343145624     
         145         153  0.98124097052493608     
         146         154  0.98490249482787251     
         146         155  0.98143274672244041     
         146         156  0.98425199773307781     
         148         157  0.98525105917878664     
         148         158  0.98477669189173433     
         148         159  0.98206720809350756     
         149         160  0.98425048520328751     
         149         161  0.98162312120212070     
         149         162  0.98342823378849797     
          19         163  0.96395682702258323     
          22         164  0.96421738079255304     
          42         165  0.96412586023772084     
          45         166  0.96444994770800219     
          18         167   1.0342101925092533     
          23         168   1.0361790542535902     
          41         169   1.0319513129108755     
          46         170   1.0351022532770386     
         167         171  0.97272493722671571     
         171         172   1.3951132603078256     
         171         173   1.3964993820064846     
         172         174   1.4415893542249407     
         173         174  0.11161033060342825     
         172         175  0.96803304847225413     
         172         176  0.11201123930502312     
         173         176   1.4404258441502755     
         173         177  0.96792922754231647     
         171         178  0.10434925596161398     
         174         178   1.4380932726627655     
         176         178   1.4390109374129463     
         174         179  0.96904008384780183     
         176         180  0.96900370935428026     
         178         181  0.96918137058742426     
         168         182  0.98453945057843550     
         182         183   1.3881641480373463     
         182         184   1.3896515570366845     
         183         185   1.4435023873784536     
         184         185  0.11062885286860322     
         183         186  0.96820256657940540     
         183         187  0.11087789085899258     
         184         187   1.4424321641072944     
         184         188  0.96777676277969094     
         182         189  0.10232673357408463     
         185         189   1.4362615750438541     
         187         189   1.4379472891458538     
         185         190  0.96936100141337866     
         187         191  0.96909723946229998     
         189         192  0.96940445940281295     
         169         193  0.99806591147643509     
         193         194   1.3798968622705756     
         193         195   1.3779005552822541     
         194         196   1.4365483237652470     
         195         196  0.10938805224471321     
         194         197  0.96264630940755569     
         194         198  0.10905431287068119     
         195         198   1.4488165137839604     
         195         199  0.96778652858746450     
         196         200   1.4394984948554967     
         198         200   1.4314248639017848     
         196         201  0.96924159470347815     
         198         202  0.96820804684737549     
         200         203  0.96968297298751260     
         170         204  0.98864077446902265     
         204         205   1.3865719828102940     
         204         206   1.3860679017025683     
         205         207   1.4434373009666601     
         206         207  0.11048653696216010     
         205         208  0.96806562535905993     
         205         209  0.11032490028702874     
         206         209   1.4439273744971954     
         206         210  0.96772568954670801     
         204         211  0.10156717396840974     
         207         211   1.4363709726210743     
         209         211   1.4369683316327186     
         207         212  0.96932377377233636     
         209         213  0.96917548782838903     
         211         214  0.96941039692386699     
          47         215   1.5434764875957678     
         215         216   1.4064524970006334     
          47         217  0.10825828685644140     
         216         217   1.1666177249183991     
         217         218   1.5191557072384154     
         218         219   1.3749820926866740     
         219         220   1.4118253194006984     
         216         221   1.1766144331620549     
         220         221   1.4627534257280326     
         221         222   1.0192668490735151     
         222         223  0.98554840642550878     
         223         224   1.0087825220642594     
         224         225   1.2385372879805767     
         225         226   1.6350765916917789     
         226         227   1.1805202075031849     
         224         228   1.5939049855719905     
         226         228  0.11398621368110282     
         227         228   1.1867649908053148     
         217         229  0.96197737584453336     
         218         230  0.96162172592266382     
         219         231  0.96912225280834530     
         220         232  0.96287803559397134     
         222         233  0.95102229969482477     
         222         234  0.96500916986275387     
         223         235  0.93315986909240212     
         223         236  0.96168314630422191     
         225         237  0.95625061420345592     
         226         238  0.96079777118595111     
         228         239  0.95841040836869351     
