   -0.20218201
   -0.21392621
   -0.01767097
    0.07234140
   -0.04957345
    0.04439412
   -0.04116051
    0.03964777
    0.07999476
    0.01039526
    0.07956149
   -0.04255361
    0.03514949
   -0.05107695
    0.04292400
    0.07069955
   -0.03161483
    0.14247344
   -0.07344314
   -0.03493692
    0.05527275
   -0.07253625
    0.14250549
   -0.20642379
   -0.20818898
   -0.01884145
    0.07143736
   -0.05025612
    0.04373493
   -0.04137388
    0.04044247
    0.08029349
    0.01074963
    0.08104157
   -0.04260030
    0.03701309
   -0.05183917
    0.04350608
    0.06899847
   -0.02899635
    0.14021353
   -0.06956621
   -0.03514186
    0.05673991
   -0.07047838
    0.14181480
    0.85208288
   -0.56061028
   -0.02785787
    0.07116907
    0.07540032
   -0.05520322
   -0.15958982
   -0.05414632
   -0.16065002
    0.07665767
   -0.03143394
    0.27597577
    0.19493840
    0.07818296
    0.27796339
    0.19807010
    0.05313072
   -0.45926493
   -0.04417093
   -0.46057069
   -0.03813475
   -0.05159291
    0.06436930
   -0.04259914
   -0.04887677
    0.06692813
   -0.04140962
    0.07868504
    0.06981762
    0.08246544
    0.35813148
    0.07327586
    0.08700485
    0.08061833
    0.35839904
   -0.29038378
   -0.45726495
   -0.29473039
   -0.45357107
    0.11941378
    0.12148504
   -0.11809992
   -0.12378231
    0.05113777
   -0.12203697
   -0.11866479
    0.04487888
    0.05192694
    0.05758090
    0.05981134
    0.05580650
    0.06223516
    0.06373262
    0.05537394
    0.06457269
    0.06145598
    0.04930312
    0.06020369
    0.05826257
   -0.02794185
    0.07202367
    0.07560221
   -0.05479956
   -0.16108118
   -0.05386398
   -0.16062610
    0.07670103
   -0.03114377
    0.27649352
    0.19403884
    0.07762729
    0.27781029
    0.19757080
    0.05401028
   -0.45663330
   -0.03920737
   -0.45962400
   -0.03799797
   -0.05062707
    0.05689357
   -0.04184046
   -0.04922005
    0.06462967
   -0.04096414
    0.07835552
    0.07049190
    0.08300033
    0.35805154
    0.07497647
    0.08627506
    0.07991338
    0.35827437
   -0.28864193
   -0.45584879
   -0.29408877
   -0.45347107
    0.11884750
    0.12020896
   -0.12467065
   -0.11958549
    0.05103233
   -0.11730161
   -0.12411374
    0.04836885
    0.05746495
    0.06412717
    0.06342467
    0.05045334
    0.06094638
    0.05899622
    0.04788654
    0.05780933
    0.05925576
    0.05735698
    0.06249477
    0.06415063
    0.04699990
    0.04783580
    0.05273427
    0.04967559
   -0.29760063
   -0.28969705
   -0.28293779
   -0.28740201
    0.13751698
   -0.04600980
   -0.04715540
   -0.03114392
    0.04842042
   -0.03104033
    0.05033372
   -0.03525504
    0.05098115
    0.05183799
    0.05085285
    0.13854642
   -0.04989938
   -0.04687049
   -0.03181835
    0.04273775
   -0.02998791
    0.05138678
   -0.03646659
    0.04816132
    0.05129317
    0.04844268
    0.13576577
   -0.05405600
   -0.04720163
   -0.02844730
    0.03882844
   -0.02869821
    0.04751905
   -0.03877979
    0.04662442
    0.05338671
    0.04388306
    0.13803467
   -0.05101237
   -0.04886432
   -0.03221175
    0.04185127
   -0.03047460
    0.05164805
   -0.03725717
    0.04894608
    0.05032159
    0.04830994
   -0.29784436
    0.11378659
   -0.03714312
   -0.02964818
   -0.03442795
   -0.03520867
    0.01412883
   -0.05459645
   -0.05016619
   -0.01861782
   -0.07020992
    0.07175621
   -0.18552041
    0.05915898
    0.03519893
    0.04766808
    0.04524995
    0.05009332
    0.04481506
    0.05389896
    0.05981182
    0.02871838
    0.04270832
    0.05398036
    0.03478455
