           1           4   1.2494594479949206     
           3           4   1.2981379456407607     
           4           5   1.1662220881321499     
           5           6  0.96923478956318498     
           5           7   1.6529821640775431     
           7           8  0.96971838914115749     
           1           9   1.2498594780025349     
           7           9   1.1678348853620018     
           9          10   1.3086099530923518     
           2          11   1.2464875921668825     
          10          11   1.3177706825918436     
          11          12   1.1653319884062521     
          12          13  0.97006444859940821     
          12          14   1.6563903486326106     
          14          15  0.96950272343985378     
           2          16   1.2464552666434761     
          14          16   1.1643617575826619     
          10          17   1.0042297996228662     
          17          18   1.3383275460226685     
          18          19   1.3644556248143962     
          17          20  0.10047212122795439     
          19          20   1.4382718493357702     
          20          21  0.96812398215098983     
          20          22   1.4421351501838802     
          17          23   1.3380079954712158     
          22          23   1.3620218260004924     
          16          26   1.3051776043354399     
          24          27   1.2411406089682973     
          26          27   1.3054063447480007     
          27          28   1.1701189206446772     
          28          29  0.96929356516887233     
          28          30   1.6451750514551944     
          30          31  0.96965752682945894     
          24          32   1.2370824337357194     
          30          32   1.1721040566286700     
          32          33   1.3180041947946481     
          25          34   1.2550216971441257     
          33          34   1.3076364059729482     
          34          35   1.1657323171293825     
          35          36  0.97000118708659067     
          35          37   1.6549781644680568     
          37          38  0.96920203384913506     
           3          39   1.3116292708146529     
          25          39   1.2404793044198954     
          37          39   1.1636748928720568     
          33          40   1.0054397569265068     
          40          41   1.3374653210925185     
          41          42   1.3670080095832438     
          42          43   1.4390942250992855     
          43          44  0.96797848490244842     
          43          45   1.4405091768334075     
          40          46   1.3402487147667570     
          45          46   1.3640488348687396     
           1          47  0.57355964959690964     
           2          47  0.57702594993810297     
          24          47  0.60746452430023479     
          25          47  0.58273628517454201     
          47          48  0.59543061339146286     
          26          49  0.99718322811880766     
          49          50   1.3473071202369691     
          49          51   1.3387800020559215     
          50          52   1.3696185625270305     
          50          53   1.0645512607859569     
          51          54   1.3646716715999667     
          51          55   1.0761143923267833     
          52          56  0.95767265674345858     
          52          57   1.4387331819883560     
          54          57   1.4440328050997291     
          53          58   1.2141213983973111     
          53          59  0.91923859007573616     
          54          60  0.95575961466608583     
          55          61   1.2050526443496314     
          55          62  0.91850548261186782     
          57          63  0.96806388991824943     
          53          64  0.16612800935323274     
          58          64   1.6599422159706485     
          58          65  0.99111960972056556     
          55          66  0.16006909074923709     
          61          66   1.6577780344263244     
          61          67  0.99947745950636824     
          65          68  0.95690708468139485     
          65          69  0.95891132753531416     
          65          70  0.89349080814696036     
          68          70  0.94668928446226253     
          67          71  0.95575051291630364     
          67          72  0.96427826840308073     
          67          73  0.88649447785485214     
          71          73  0.94318591873248048     
          68          74  0.97320669893191758     
          68          75  0.97479475048781405     
          70          76  0.96393360775971615     
          70          77   1.0046934607149800     
          71          78  0.97386960971744874     
          71          79  0.96749056610275064     
          73          80  0.96336378797179689     
          73          81   1.0129452817709717     
          77          82   1.1459395921598916     
          77          83   1.6963471632245306     
          82          83  0.17038661842073691     
          81          84   1.1325643928289775     
          81          85   1.6987536558407590     
          84          85  0.16696363576111839     
          82          86  0.89930087394682878     
          84          87  0.90424209354205609     
          86          88   1.0023038932408104     
          86          89   1.0072683288502835     
          86          90  0.96133426548870415     
          87          91   1.0068417267777845     
          87          92   1.0028419497446819     
          87          93  0.96164250139823304     
          88          94  0.98238004006412505     
          88          95  0.98481043816492464     
          88          96  0.98175448923610098     
          89          97  0.98438252205764631     
          89          98  0.98129943522566165     
          89          99  0.98339344816067020     
          91         100  0.98474413035296327     
          91         101  0.98340984051547853     
          91         102  0.98189810350202211     
          92         103  0.98509433313489736     
          92         104  0.98198518425613968     
          92         105  0.98453815867029237     
           3         106   1.0013668518938514     
         106         107   1.3433285930162473     
         106         108   1.3386611448166772     
         107         109   1.3711257571667623     
         107         110   1.0647811855796756     
         108         111   1.3651863405209377     
         108         112   1.0758404937609074     
         109         113  0.95805994859222232     
         109         114   1.4374653555401207     
         111         114   1.4437517631491359     
         110         115   1.2106512663337501     
         110         116  0.91991150999156257     
         111         117  0.95670404195800063     
         112         118   1.2041035421894875     
         112         119  0.91919357914627187     
         114         120  0.96805877451839284     
         110         121  0.16598270329626294     
         115         121   1.6637912669082733     
         115         122  0.99067336666988981     
         112         123  0.16048591767689674     
         118         123   1.6586979850296573     
         118         124  0.99961927757477798     
         122         125  0.95441542157038117     
         122         126  0.96535588074499323     
         122         127  0.89887429733285806     
         125         127  0.94383007166615474     
         124         128  0.95765533728169971     
         124         129  0.96503333062439012     
         124         130  0.88247318373369987     
         128         130  0.94540390246716022     
         125         131  0.97330417324531826     
         125         132  0.97450869506429572     
         127         133  0.96408158236688291     
         127         134   1.0045294196364891     
         128         135  0.97341465551831940     
         128         136  0.96706398137038230     
         130         137  0.96408585740583641     
         130         138   1.0118755319158066     
         134         139   1.1480848537097621     
         134         140   1.6957903947056734     
         139         140  0.17043965354772644     
         138         141   1.1344807189976691     
         138         142   1.6986896613946165     
         141         142  0.16744183298692736     
         139         143  0.89923329237181437     
         141         144  0.90342536542138763     
         143         145   1.0071661371616030     
         143         146   1.0035488789864626     
         143         147  0.96124854580534935     
         144         148   1.0024770839469248     
         144         149   1.0073688358678754     
         144         150  0.96143699075307876     
         145         151  0.98443673483956040     
         145         152  0.98334693628944492     
         145         153  0.98127905114271208     
         146         154  0.98494871015486229     
         146         155  0.98146340041807667     
         146         156  0.98425669417221451     
         148         157  0.98524019385903860     
         148         158  0.98477001689395993     
         148         159  0.98207443412447382     
         149         160  0.98425155057026215     
         149         161  0.98162888757140776     
         149         162  0.98342720799501993     
          19         163  0.96388856477601648     
          22         164  0.96420211394634114     
          42         165  0.96416587515138918     
          45         166  0.96449449034803680     
          18         167   1.0342526580047149     
          23         168   1.0363388574034160     
          41         169   1.0341051202656497     
          46         170   1.0343482271214657     
         167         171  0.97198693690153959     
         171         172   1.3935848575302201     
         171         173   1.3970045853275572     
         172         174   1.4411758719889638     
         173         174  0.11123173651504438     
         172         175  0.96785805993602980     
         172         176  0.11184934758370718     
         173         176   1.4400389937935381     
         173         177  0.96791142588213230     
         171         178  0.10434543542049490     
         174         178   1.4378400463872234     
         176         178   1.4389856160080725     
         174         179  0.96904682564883238     
         176         180  0.96900285622698956     
         178         181  0.96920241663985629     
         168         182  0.98444722292779874     
         182         183   1.3881865728348128     
         182         184   1.3896598954769908     
         183         185   1.4434899139577824     
         184         185  0.11063165898667841     
         183         186  0.96820186434291411     
         183         187  0.11087815591209350     
         184         187   1.4424381713353718     
         184         188  0.96776227106497836     
         182         189  0.10233145645227408     
         185         189   1.4362731402353295     
         187         189   1.4379422001010294     
         185         190  0.96936086708531866     
         187         191  0.96909109190613074     
         189         192  0.96940512017936409     
         169         193  0.99763646015523799     
         193         194   1.3824217659471014     
         193         195   1.3781723136272486     
         194         196   1.4417178444828160     
         195         196  0.10966557633602071     
         194         197  0.96725590064186784     
         194         198  0.10828885919196096     
         195         198   1.4478671693239795     
         195         199  0.96748524356153298     
         193         200  0.10006405354915759     
         196         200   1.4354354541467382     
         198         200   1.4331619667860183     
         196         201  0.96920753104263346     
         198         202  0.96809672633276056     
         200         203  0.96962667704764816     
         170         204  0.98915820425793111     
         204         205   1.3864551301019274     
         204         206   1.3860017801618403     
         205         207   1.4435501970809816     
         206         207  0.11044913546420482     
         205         208  0.96803103591003470     
         205         209  0.11033011984582917     
         206         209   1.4439234920308537     
         206         210  0.96774921015545445     
         204         211  0.10155459994582430     
         207         211   1.4363096382489653     
         209         211   1.4369845835728521     
         207         212  0.96932320422930951     
         209         213  0.96920821872213281     
         211         214  0.96943005315670094     
          47         215   1.5865068973476553     
         215         216   1.3976293628668950     
          47         217  0.11183481076568196     
         216         217   1.1897394272859798     
         217         218   1.5041891300362278     
         218         219   1.3897309257069566     
         219         220   1.3984131933262827     
          47         221  0.10795865393023907     
         216         221   1.1625199888319275     
         220         221   1.4720980643366974     
         221         222   1.0206398742048364     
         222         223  0.97817737507194025     
         223         224   1.0229250515997341     
         224         225   1.2620399563646647     
         225         226   1.6176636006448333     
         226         227   1.1335040833927454     
         224         228   1.5753462328855818     
         226         228  0.14908889782120954     
         227         228   1.1268444717062396     
         217         229  0.96703413536509808     
         218         230  0.96345471174040276     
         219         231  0.97010119333786216     
         220         232  0.96109771852116399     
         222         233  0.95261277474975981     
         222         234  0.96848459325039049     
         223         235  0.93685437655485948     
         223         236  0.96987811636779242     
         225         237  0.97114787097034960     
         226         238  0.96573811789640041     
         228         239  0.96635133542542384     
