   -0.20609345
   -0.21316019
   -0.01765247
    0.07371044
   -0.04871588
    0.04529075
   -0.04083281
    0.04107605
    0.07858836
    0.00954300
    0.07927261
   -0.04216922
    0.03650132
   -0.05053047
    0.04315211
    0.07197470
   -0.03165087
    0.14185505
   -0.07345431
   -0.03483020
    0.05482536
   -0.07243319
    0.14238518
   -0.20219209
   -0.20791494
   -0.01752319
    0.07255182
   -0.05049781
    0.04474946
   -0.04231571
    0.04071240
    0.07853874
    0.01038491
    0.07926014
   -0.04235929
    0.03655767
   -0.05262838
    0.04360048
    0.07009899
   -0.02920197
    0.13995964
   -0.06972558
   -0.03504421
    0.05709830
   -0.07017478
    0.14202609
    0.84492813
   -0.55784265
   -0.02733219
    0.07167617
    0.07560279
   -0.05504310
   -0.15881177
   -0.05410983
   -0.16046697
    0.07709933
   -0.03144848
    0.27590661
    0.19404605
    0.07877852
    0.27796365
    0.19806577
    0.05378295
   -0.45841634
   -0.04211312
   -0.46036280
   -0.03817258
   -0.05192336
    0.05916409
   -0.04217471
   -0.04890950
    0.06690098
   -0.04143323
    0.07903177
    0.07208592
    0.08315084
    0.35739399
    0.07334631
    0.08701404
    0.08071853
    0.35840201
   -0.28954163
   -0.45525778
   -0.29468105
   -0.45370264
    0.11789322
    0.12147696
   -0.11833978
   -0.12448962
    0.05309920
   -0.12204622
   -0.11868052
    0.04488040
    0.04690317
    0.06006153
    0.06135012
    0.05676286
    0.06281542
    0.06426722
    0.05537915
    0.06459019
    0.06146131
    0.04931301
    0.06023147
    0.05826467
   -0.02770453
    0.07211156
    0.07553182
   -0.05472343
   -0.16047892
   -0.05394363
   -0.16069463
    0.07667908
   -0.03116772
    0.27625602
    0.19498367
    0.07762513
    0.27770992
    0.19747056
    0.05396648
   -0.45638080
   -0.03886133
   -0.45973435
   -0.03796069
   -0.05062306
    0.05456366
   -0.04170744
   -0.04925677
    0.06436635
   -0.04098838
    0.07894431
    0.07024956
    0.08310633
    0.35799166
    0.07499668
    0.08620888
    0.07994282
    0.35826309
   -0.28899483
   -0.45721962
   -0.29407913
   -0.45354550
    0.11997055
    0.12019958
   -0.12111970
   -0.11805174
    0.04457794
   -0.11730174
   -0.12411247
    0.04838672
    0.05446531
    0.06516805
    0.06136918
    0.04983501
    0.05955383
    0.05998540
    0.04782876
    0.05782067
    0.05925958
    0.05736983
    0.06248813
    0.06415855
    0.04681019
    0.04749881
    0.05312323
    0.04996476
   -0.29218978
   -0.28977614
   -0.28358601
   -0.28751455
    0.13665891
   -0.04775560
   -0.04775282
   -0.03052974
    0.05026022
   -0.03086714
    0.05074335
   -0.03492291
    0.05048417
    0.05141803
    0.05024075
    0.13841805
   -0.04994302
   -0.04696937
   -0.03181945
    0.04274905
   -0.03001547
    0.05146213
   -0.03644403
    0.04808215
    0.05126639
    0.04837037
    0.13688980
   -0.05526864
   -0.04653977
   -0.03174493
    0.04135118
   -0.02609759
    0.04545796
   -0.03738029
    0.04575040
    0.05459034
    0.04436309
    0.13795431
   -0.05096950
   -0.04877622
   -0.03216584
    0.04181024
   -0.03040791
    0.05170883
   -0.03715038
    0.04913145
    0.05055968
    0.04855905
   -0.29625672
    0.11257339
   -0.04194609
   -0.02837613
   -0.03188090
   -0.03356473
    0.00912415
   -0.05456339
   -0.05683020
    0.11946024
   -0.07266790
   -0.01111085
   -0.03825155
   -0.04356603
   -0.04236881
   -0.05734907
    0.11849943
   -0.24008643
    0.04012945
    0.05050408
    0.05856973
    0.04403552
    0.05728935
    0.05415842
    0.06112894
    0.04588272
    0.03853660
    0.04130924
    0.04123915
    0.04331401
    0.04809921
