           1           4   1.2463621411165837     
           3           4   1.3025138288250793     
           4           5   1.1700055731054093     
           5           6  0.96919999121280620     
           5           7   1.6473483633779422     
           7           8  0.96951791180947422     
           1           9   1.2384530845274477     
           7           9   1.1702360777858622     
           9          10   1.3105393737728122     
           2          11   1.2509238808200773     
          10          11   1.3127547557222647     
          11          12   1.1624039694816135     
          12          13  0.96998504620510972     
          12          14   1.6599210153112782     
          14          15  0.96948537815665015     
           2          16   1.2467252478354633     
          14          16   1.1620534576096746     
          10          17   1.0040466103761010     
          17          18   1.3384557672986619     
          18          19   1.3647384205600201     
          17          20  0.10047554395642472     
          19          20   1.4382655511866640     
          20          21  0.96818434400712849     
          20          22   1.4421566315974939     
          17          23   1.3378336174560368     
          22          23   1.3622298530551473     
          16          26   1.3131882715536460     
          24          27   1.2502756273718547     
          26          27   1.2985452054727551     
          27          28   1.1707357460522789     
          28          29  0.96919585033486377     
          28          30   1.6459521589033272     
          30          31  0.96966616908346137     
          24          32   1.2389435971165763     
          30          32   1.1713274654571013     
          32          33   1.3101738437934076     
          25          34   1.2487125143546747     
          33          34   1.3122008875189344     
          34          35   1.1650911996378233     
          35          36  0.97002638848539846     
          35          37   1.6556742411005947     
          37          38  0.96918857617269982     
           3          39   1.3088064332719043     
          25          39   1.2458913840869943     
          37          39   1.1633200527256582     
          33          40   1.0055305234426379     
          40          41   1.3382461320784353     
          41          42   1.3674135666290970     
          42          43   1.4386932733140623     
          43          44  0.96793683660185037     
          43          45   1.4408512642725326     
          40          46   1.3393548571937710     
          45          46   1.3639842208050383     
           1          47  0.60235336865706390     
           2          47  0.57275901877483548     
          24          47  0.58744426189935761     
          25          47  0.58360378558381487     
          47          48  0.59814845024121133     
          26          49  0.99729666539464168     
          49          50   1.3470800211403968     
          49          51   1.3390223788767508     
          50          52   1.3697513454011441     
          50          53   1.0639721381260525     
          51          54   1.3644719827955614     
          51          55   1.0762471883371316     
          52          56  0.95757208616131395     
          52          57   1.4385776672915132     
          54          57   1.4441452688235612     
          53          58   1.2149097694500486     
          53          59  0.92269769986137973     
          54          60  0.95565412574067554     
          55          61   1.2050795581709854     
          55          62  0.91859697600889423     
          57          63  0.96799698524004496     
          53          64  0.16637009562607055     
          58          64   1.6595144029362527     
          58          65  0.99094034837537825     
          55          66  0.16009129660849386     
          61          66   1.6578117070990963     
          61          67  0.99941381426932785     
          65          68  0.95816971294607300     
          65          69  0.96216254022919068     
          65          70  0.89281847957447968     
          68          70  0.94507037027825525     
          67          71  0.95581375111043632     
          67          72  0.96428891588153853     
          67          73  0.88653563410803593     
          71          73  0.94309202618676979     
          68          74  0.97309147204834834     
          68          75  0.97450416578032040     
          70          76  0.96377139889541186     
          70          77   1.0065253889231693     
          71          78  0.97386087277718969     
          71          79  0.96748874348189229     
          73          80  0.96334502480752582     
          73          81   1.0130057514755568     
          77          82   1.1470372555517074     
          77          83   1.6935423798888829     
          82          83  0.17007261570850182     
          81          84   1.1326520935788842     
          81          85   1.6985803907598527     
          84          85  0.16695994645498932     
          82          86  0.89964321532827429     
          84          87  0.90422742857059202     
          86          88   1.0023117364700957     
          86          89   1.0074006187958051     
          86          90  0.96103004003141979     
          87          91   1.0068414987501488     
          87          92   1.0028411269326878     
          87          93  0.96163986123568357     
          88          94  0.98562926157652442     
          88          95  0.98451972765214701     
          88          96  0.98164090193617548     
          89          97  0.98421544134947470     
          89          98  0.98113921087361022     
          89          99  0.98329342081562965     
          91         100  0.98474333314638196     
          91         101  0.98340669148001503     
          91         102  0.98189581613879418     
          92         103  0.98509306796425888     
          92         104  0.98198094909477140     
          92         105  0.98453733770199869     
           3         106   1.0014113732611649     
         106         107   1.3431045826836334     
         106         108   1.3390894204229329     
         107         109   1.3712172289972371     
         107         110   1.0649123733059678     
         108         111   1.3652012395590427     
         108         112   1.0754721649968633     
         109         113  0.95807223983080547     
         109         114   1.4374867002196261     
         111         114   1.4437327681615573     
         110         115   1.2115226223572011     
         110         116  0.91983738530513837     
         111         117  0.95672842072797348     
         112         118   1.2044690243343747     
         112         119  0.91919439987246043     
         114         120  0.96806525550167088     
         110         121  0.16623533131407706     
         115         121   1.6636851055592770     
         115         122  0.99034809302398796     
         112         123  0.16066169584103146     
         118         123   1.6585417746865803     
         118         124  0.99948593069840375     
         122         125  0.95398648911646000     
         122         126  0.96505131512540776     
         122         127  0.89958145598448080     
         125         127  0.94434933945862076     
         124         128  0.95770991823410268     
         124         129  0.96506524609315369     
         124         130  0.88250384355429567     
         128         130  0.94539449103738482     
         125         131  0.97321684514557294     
         125         132  0.97453189284360053     
         127         133  0.96408339663019460     
         127         134   1.0036192086037183     
         128         135  0.97341170637007768     
         128         136  0.96707716588149895     
         130         137  0.96408188003977491     
         130         138   1.0119056145129619     
         134         139   1.1489569639092205     
         134         140   1.6942271070681032     
         139         140  0.17038114584853040     
         138         141   1.1344850113048646     
         138         142   1.6986228260162577     
         141         142  0.16743173728467159     
         139         143  0.89888875609978214     
         141         144  0.90344547442462730     
         143         145   1.0070383056596108     
         143         146   1.0032481340472612     
         143         147  0.95645176677821142     
         144         148   1.0024689591531486     
         144         149   1.0073692571278490     
         144         150  0.96143174821734179     
         145         151  0.98456757551182106     
         145         152  0.98318873442978605     
         145         153  0.98094378731702225     
         146         154  0.98509638928105758     
         146         155  0.98166539597272073     
         146         156  0.98422465222354705     
         148         157  0.98524840400658675     
         148         158  0.98476997284864709     
         148         159  0.98207877029089086     
         149         160  0.98424889823611894     
         149         161  0.98162917838489794     
         149         162  0.98342488483593327     
          19         163  0.96395067235059639     
          22         164  0.96423408618430251     
          42         165  0.96411864255189261     
          45         166  0.96445228405231986     
          18         167   1.0350344515958982     
          23         168   1.0361472362914366     
          41         169   1.0327341634246801     
          46         170   1.0351327492760891     
         167         171  0.97290775673520802     
         171         172   1.3935484360371679     
         171         173   1.3965001136423958     
         172         174   1.4410492896613316     
         173         174  0.11157168034168943     
         172         175  0.96743312199811704     
         172         176  0.11174226686293391     
         173         176   1.4402547018566303     
         173         177  0.96788727627732840     
         171         178  0.10419664948256416     
         174         178   1.4380213864535440     
         176         178   1.4391516051850188     
         174         179  0.96915300858947317     
         176         180  0.96902739294617357     
         178         181  0.96924307363316520     
         168         182  0.98459249711636421     
         182         183   1.3882081489545919     
         182         184   1.3897377500812380     
         183         185   1.4434986725127579     
         184         185  0.11063144159312482     
         183         186  0.96820340895103829     
         183         187  0.11089545759049496     
         184         187   1.4423919295931418     
         184         188  0.96775415652104824     
         182         189  0.10232908921939737     
         185         189   1.4362712029814730     
         187         189   1.4379769108372458     
         185         190  0.96936765502650923     
         187         191  0.96909571732463218     
         189         192  0.96941118973631235     
         169         193  0.99849587405022300     
         193         194   1.3825860422166414     
         193         195   1.3773335030769700     
         194         196   1.4421524453530197     
         195         196  0.10969520333463083     
         194         197  0.96736018133885859     
         194         198  0.10891832311172163     
         195         198   1.4478040204361771     
         195         199  0.96721823214106473     
         193         200  0.10015751415828232     
         196         200   1.4378121255720346     
         198         200   1.4324279710222170     
         196         201  0.96956069595885153     
         198         202  0.96700826378189697     
         200         203  0.96973368873434129     
         170         204  0.98855834736949677     
         204         205   1.3865898963243624     
         204         206   1.3861739007968292     
         205         207   1.4434684721420721     
         206         207  0.11048305873742612     
         205         208  0.96803174477396770     
         205         209  0.11035195312756509     
         206         209   1.4438265212221295     
         206         210  0.96774174649221711     
         204         211  0.10156977748747069     
         207         211   1.4363427515392384     
         209         211   1.4370428335265477     
         207         212  0.96930392748456240     
         209         213  0.96918376890469327     
         211         214  0.96940320263988522     
          47         215   1.5815112790307313     
         215         216   1.4080849162973965     
          47         217  0.10994713308528917     
         216         217   1.1770715910229090     
         217         218   1.5121933187948891     
         218         219   1.3799345638650704     
         219         220   1.4034422047542237     
          47         221  0.10638202098852061     
         216         221   1.1638141134533821     
         220         221   1.4656073240822391     
         221         222   1.0240521500952713     
         222         223  0.95296308599444490     
         223         224   1.0233397954868417     
         224         225   1.6339531464352717     
         225         226   1.1977643865093188     
         226         227   1.3349597471573726     
         227         228   1.4943111117551819     
         228         229   1.3884313739930616     
         227         230  0.11361973944884719     
         229         230   1.4718050231006865     
         226         231   1.2718325129917951     
         230         231   1.3620690647713225     
         224         232   1.0702252023750185     
         231         232   1.0719668648129690     
         217         233  0.96415918526045330     
         218         234  0.95955060970171313     
         219         235  0.96837035136299998     
         220         236  0.96221380976319604     
         222         237  0.95422230457353252     
         222         238  0.96875429475103159     
         223         239  0.96876378464437651     
         223         240  0.97011235004942453     
         225         241  0.97009952613677319     
         227         242  0.96822310471669282     
         228         243  0.97052666281565247     
         229         244  0.97085267428910227     
         230         245  0.96724733145383923     
