           1           4   1.2499226298632340     
           3           4   1.3003202763117989     
           4           5   1.1699485447796074     
           5           6  0.97091753166289019     
           5           7   1.6378404487223812     
           7           8  0.97101552180258277     
           1           9   1.2296376392667823     
           7           9   1.1748022539104666     
           9          10   1.3187066258998206     
           2          11   1.2349703239387775     
          10          11   1.2997097391163011     
          11          12   1.1939742610055051     
          12          13  0.97121812541286390     
          12          14   1.6048328604081694     
          14          15  0.97109296646502841     
           2          16   1.2645753908087976     
          14          16   1.1959101649097099     
          10          17   1.0062185224381319     
          17          18   1.3386512346726125     
          18          19   1.3655068210931862     
          17          20  0.10234104978396417     
          19          20   1.4360481087897952     
          20          21  0.96914906392066691     
          20          22   1.4407087787509814     
          17          23   1.3398031521717368     
          22          23   1.3622088228436577     
          16          26   1.2369631689822189     
          24          27   1.0282987039180376     
          26          27   1.3681240559232726     
          27          28   1.2029623783535253     
          28          29  0.96309021369495984     
          28          30   1.2542660607840359     
          30          31  0.14516980608985255     
          24          32   1.0393099226862055     
          30          32  0.41129747691860408     
          32          33  0.75660661294317544     
          25          34   1.1957626838959907     
          33          34   1.1394955787189476     
          34          35   1.2034261736515854     
          35          36  0.97024825072591003     
          35          37   1.5919315293572014     
          37          38  0.97119823565944774     
           3          39   1.2739961513444480     
          25          39   1.2446743843100940     
          37          39   1.2067047828688005     
          33          40  0.95630054754210037     
          40          41   1.2954599075911883     
          41          42   1.3796225989438424     
          42          43   1.3811094792757559     
          43          44  0.96754551646941811     
          43          45   1.4640682492097774     
          40          46   1.2352680843523791     
          45          46   1.3262920925907751     
           1          47  0.59469713655082712     
           2          47  0.56379804129464661     
          24          47  0.51424373123061040     
          25          47  0.57957219879783795     
          47          48  0.48141547929146727     
          26          49  0.99570695402967524     
          49          50   1.3477408382562754     
          49          51   1.3378722513553636     
          50          52   1.3668717418673477     
          50          53   1.0669199161021208     
          51          54   1.3620877445245492     
          51          55   1.0833273363628648     
          52          56  0.95899385873007603     
          52          57   1.4385284969432517     
          54          57   1.4439254789500862     
          53          58   1.2197884914232289     
          53          59  0.91783827286483799     
          54          60  0.95690020446032986     
          55          61   1.2080962269914199     
          55          62  0.91368152055636398     
          57          63  0.96885113341693885     
          53          64  0.16770968359178956     
          58          64   1.6486783795438589     
          58          65  0.99389184405281294     
          55          66  0.16165312293592665     
          61          66   1.6479757498016783     
          61          67   1.0028556839173857     
          65          68  0.96038692690669714     
          65          69  0.96205472389417235     
          65          70  0.88817317588593780     
          68          70  0.94187415329544233     
          67          71  0.95398848762957700     
          67          72  0.96315622715931881     
          67          73  0.88609778700753561     
          71          73  0.94141040679392274     
          68          74  0.97300489485786523     
          68          75  0.97453234562516422     
          70          76  0.96295350709736294     
          70          77   1.0138658094942359     
          71          78  0.97324414410912286     
          71          79  0.96647254206015631     
          73          80  0.96297018831183201     
          73          81   1.0169486775055705     
          77          82   1.1368149632276416     
          77          83   1.6961814431731632     
          82          83  0.16877824769696456     
          81          84   1.1257222043108801     
          81          85   1.6985828547299726     
          84          85  0.16548290398612667     
          82          86  0.89929173151470498     
          84          87  0.90466627195289251     
          86          88   1.0045800248633070     
          86          89   1.0082815980022031     
          86          90  0.96007066555929610     
          87          91   1.0080894665389164     
          87          92   1.0042113786747857     
          87          93  0.96101848717123461     
          88          94  0.98527158355574429     
          88          95  0.98390157248530363     
          88          96  0.98140967698319614     
          89          97  0.98426172714038795     
          89          98  0.98097498085449020     
          89          99  0.98294509943321540     
          91         100  0.98457675948835299     
          91         101  0.98302943126289266     
          91         102  0.98177705003187898     
          92         103  0.98481755129203574     
          92         104  0.98175520963960061     
          92         105  0.98420466282886698     
           3         106   1.0044340399484408     
         106         107   1.3418534795906192     
         106         108   1.3377821718831084     
         107         109   1.3689982014689313     
         107         110   1.0684614397029051     
         108         111   1.3628828517253584     
         108         112   1.0791474091120241     
         109         113  0.95956976764408708     
         109         114   1.4369135328291842     
         111         114   1.4433839794307790     
         110         115   1.2184210122640728     
         110         116  0.91595055785437252     
         111         117  0.95827261483792525     
         112         118   1.2090099444756606     
         112         119  0.91621709506789240     
         114         120  0.96906762978719529     
         110         121  0.16845424622596977     
         115         121   1.6504301486403887     
         115         122  0.99242471909951424     
         112         123  0.16297087190399698     
         118         123   1.6466128782984750     
         118         124   1.0018991361285421     
         122         125  0.95597429080794982     
         122         126  0.96445474709445878     
         122         127  0.89796599919626352     
         125         127  0.93903902563827946     
         124         128  0.96089421038847078     
         124         129  0.96394192094406905     
         124         130  0.87859373864617496     
         128         130  0.94103751562526639     
         125         131  0.97304480657566983     
         125         132  0.97418106951675432     
         127         133  0.96369202719593350     
         127         134   1.0121036362075551     
         128         135  0.97355196576722147     
         128         136  0.96619697574894958     
         130         137  0.96372404710862414     
         130         138   1.0192573658945172     
         134         139   1.1432095572083827     
         134         140   1.6906290577880543     
         139         140  0.16853017539763102     
         138         141   1.1278271081298636     
         138         142   1.6964981526431098     
         141         142  0.16587323036389237     
         139         143  0.89870189642392950     
         141         144  0.90228553062463002     
         143         145   1.0086566557080212     
         143         146   1.0045774760708284     
         143         147  0.96059428702175187     
         144         148   1.0043361190070821     
         144         149   1.0084464354733567     
         144         150  0.96024049173489556     
         145         151  0.98420477045590704     
         145         152  0.98295421779492986     
         145         153  0.98107681781072342     
         146         154  0.98473578644769799     
         146         155  0.98127375949649520     
         146         156  0.98401660302743577     
         148         157  0.98476934981716491     
         148         158  0.98438218988870374     
         148         159  0.98177039018349677     
         149         160  0.98421356325321108     
         149         161  0.98138978297974033     
         149         162  0.98317278696988031     
          19         163  0.96482415124957754     
          22         164  0.96517377243132230     
          42         165  0.96442591468132532     
          45         166  0.96273651197616616     
          18         167   1.0288222087495484     
          23         168   1.0300501383115761     
          41         169   1.0227865682067638     
          46         170  0.96689519592896112     
         167         171  0.98017262628408786     
         171         172   1.3919183084932112     
         171         173   1.3934979879262617     
         172         174   1.4422958431238018     
         173         174  0.11131901507858270     
         172         175  0.96832204377623998     
         172         176  0.11162360182587476     
         173         176   1.4410189486843228     
         173         177  0.96812095267740250     
         171         178  0.10411158639041110     
         174         178   1.4369149521256208     
         176         178   1.4381288315840306     
         174         179  0.96926664736494605     
         176         180  0.96914533782725298     
         178         181  0.96946898360273193     
         168         182  0.99095110428760913     
         182         183   1.3831216493853888     
         182         184   1.3884098550626693     
         183         185   1.4461052685224340     
         184         185  0.10997127872558785     
         183         186  0.96845771611965603     
         183         187  0.11059222632106457     
         184         187   1.4415199244179284     
         184         188  0.96801923080904839     
         182         189  0.10203733103641022     
         185         189   1.4333655080998358     
         187         189   1.4382981504739725     
         185         190  0.96940341465315882     
         187         191  0.96916179479610032     
         189         192  0.96960206435281671     
         169         193  0.99130387630706618     
         193         194   1.3806993015052833     
         193         195   1.3796141305206824     
         194         196   1.4382586232251644     
         195         196  0.11061938422651170     
         194         197  0.96475513871987939     
         194         198  0.10835884028543155     
         195         198   1.4471969466969241     
         195         199  0.96686913682423903     
         196         200   1.4386939239690093     
         198         200   1.4327953872843187     
         196         201  0.96948383646539893     
         198         202  0.96799946669530035     
         200         203  0.96968987060386669     
         170         204  0.90681375427039224     
         204         205   1.3883759164073359     
         204         206   1.3809591949638078     
         205         207   1.4374075836151452     
         206         207  0.10813321268174714     
         205         208  0.96629608892842922     
         205         209  0.10738050877157913     
         206         209   1.4342862787030957     
         206         210  0.79960265036892464     
         204         211  0.10078797997074038     
         207         211   1.4375883228440278     
         209         211   1.4316790296147632     
         207         212  0.96809713582729662     
         209         213  0.96787307888531016     
         211         214  0.96877443823244058     
          47         215   1.2884978722360225     
         215         216   1.2489148639945191     
         216         217   1.2890825627165869     
         217         218   1.4747517879501548     
         218         219   1.4054609318572577     
         219         220   1.4138192272037948     
         216         221   1.2489552695869706     
         220         221   1.4367774542582152     
         221         222   1.0089418178667655     
          32         223  0.21740715428998642     
         222         223  0.93648885674804105     
          30         224  0.86995345599285778     
          32         224  0.39084020782787887     
         223         224  0.70178063129636281     
          30         225  0.34892012305349396     
          32         225  0.66386696738465600     
          33         225  0.32082622560437324     
         224         225  0.61273768640049520     
         170         226  0.48468183641379686     
         225         226  0.99829180984769916     
         206         227  0.11610996290311885     
         226         227   1.1740943128896928     
          31         228  0.11486349147897075     
         227         228   1.4366730385763933     
          30         229  0.26677099995989917     
          31         229  0.32818803201655677     
         224         229  0.73297894708168865     
         228         229   1.0635621808318312     
         217         230  0.97231453818262537     
         218         231  0.97155038131699845     
         219         232  0.97166565380285386     
         220         233  0.96691315734649663     
          24         234  0.12206283018315146     
         222         234  0.72655793074211206     
         222         235  0.96648973839873475     
         223         236  0.87836913420116125     
          33         237  0.11822743125034592     
         223         237  0.75829218181572255     
          32         238  0.12037163727275502     
          33         238  0.12871136448220527     
         225         238  0.42557838018390703     
         226         239  0.92899563698807275     
         210         240  0.12711905225478945     
         227         240  0.81029491677988985     
         228         241  0.95095942942552436     
         229         242  0.94063079385044357     
