           1           2   2.1676334413751217     
           1           3  0.60621456224860260     
           2           3   1.5945378842824751     
           3           4   1.0653314641871892     
           4           5   1.3538726593452126     
           5           6   1.4543303657059794     
           6           7   1.4262277185327592     
           5           8  0.10287374221433791     
           7           8   1.4370272317992425     
           4           9   1.3306697744796669     
           6           9  0.10165184687058867     
           8           9   1.4249716302632884     
           9          10   1.0175859060595824     
          10          11  0.96551182964619875     
          11          12   1.0154508410271914     
          12          13   1.4113030626534064     
          13          14   1.4439473490288652     
          12          15  0.10967537429103831     
          14          15   1.4398868607744055     
          13          16  0.11026932696729719     
          15          16   1.4359828612101193     
          12          17   1.4100493088689805     
          14          17  0.11092203742516801     
          16          17   1.4481903763335842     
           5          18  0.96938445668388584     
           6          19  0.96922141122517436     
           7          20  0.97051996722636291     
           8          21  0.96798538971388803     
          10          22  0.97053976626286120     
          10          23  0.96993346405210534     
          11          24  0.97409833966678439     
          11          25  0.97047639644779404     
          13          26  0.96950101352972062     
          14          27  0.97122814365191523     
          15          28  0.97145501244984944     
          16          29  0.97104716960305382     
          17          30  0.96918050949915779     
