   -0.20485280
   -0.20732449
   -0.01973633
    0.07269899
   -0.04968341
    0.04252034
   -0.04120631
    0.03747678
    0.07977663
    0.01118733
    0.07946528
   -0.04249189
    0.03491205
   -0.05123325
    0.04181901
    0.07009541
   -0.03110105
    0.14236657
   -0.07355169
   -0.03508503
    0.05456726
   -0.07261468
    0.14229276
   -0.20967074
   -0.20539973
   -0.01911446
    0.07181561
   -0.05063355
    0.04137248
   -0.04231942
    0.03802177
    0.07866510
    0.00826118
    0.08421364
   -0.03768459
    0.04490125
   -0.05037155
    0.04338314
    0.07130573
   -0.03111803
    0.14084286
   -0.06980037
   -0.03560130
    0.05429565
   -0.07103699
    0.14094432
    0.84262609
   -0.56583341
   -0.02733721
    0.07124773
    0.07544542
   -0.05513931
   -0.15869968
   -0.05407136
   -0.16050648
    0.07637628
   -0.03152243
    0.27586011
    0.19383787
    0.07817248
    0.27803013
    0.19817377
    0.05311065
   -0.45923865
   -0.04168865
   -0.46078658
   -0.03792297
   -0.05097176
    0.06053353
   -0.04221579
   -0.04872959
    0.06693780
   -0.04140031
    0.07871502
    0.07021021
    0.08280743
    0.35781277
    0.07315850
    0.08702160
    0.08049908
    0.35842355
   -0.28940264
   -0.45673293
   -0.29482431
   -0.45355647
    0.11790071
    0.12152480
   -0.11877830
   -0.12434552
    0.05297661
   -0.12197904
   -0.11860656
    0.04483572
    0.04816873
    0.05982088
    0.06115654
    0.05674181
    0.06282924
    0.06428314
    0.05532477
    0.06454900
    0.06144307
    0.04929221
    0.06019613
    0.05822563
   -0.02859605
    0.07148519
    0.07497147
   -0.05527434
   -0.16435419
   -0.05417459
   -0.16108170
    0.07552112
   -0.03144915
    0.27740136
    0.19903110
    0.07573772
    0.27776457
    0.19758115
    0.05191461
   -0.46183212
   -0.05767936
   -0.46067758
   -0.03780718
   -0.05404524
    0.09023043
   -0.04205761
   -0.04909379
    0.06452580
   -0.04095831
    0.07449469
    0.07618694
    0.07832168
    0.35745286
    0.07461277
    0.08589455
    0.07967401
    0.35828094
   -0.28808183
   -0.45872387
   -0.29423556
   -0.45352799
    0.11942956
    0.12025765
   -0.12470479
   -0.11941875
    0.05067799
   -0.11725397
   -0.12403517
    0.04822036
    0.05737046
    0.06354808
    0.06265745
    0.05125797
    0.06029980
    0.05842001
    0.04797567
    0.05786305
    0.05912453
    0.05726093
    0.06237985
    0.06414809
    0.04636115
    0.04724077
    0.05174745
    0.04705738
   -0.29530383
   -0.28986284
   -0.26715831
   -0.28856505
    0.13724956
   -0.04826435
   -0.04755409
   -0.03146314
    0.04993336
   -0.03118678
    0.05051797
   -0.03524369
    0.05099442
    0.05143175
    0.05046298
    0.13865440
   -0.04989054
   -0.04684988
   -0.03185665
    0.04258536
   -0.03001775
    0.05135170
   -0.03653695
    0.04796852
    0.05113519
    0.04827385
    0.13603868
   -0.05735273
   -0.06981336
   -0.03360707
    0.03267065
   -0.03016162
    0.10566965
   -0.03975512
    0.03645400
    0.04635627
    0.03746354
    0.13817348
   -0.05108836
   -0.04881501
   -0.03229702
    0.04227578
   -0.03046222
    0.05096468
   -0.03730625
    0.04888104
    0.04978986
    0.04795433
   -0.29482665
    0.11261056
   -0.10538129
   -0.08040074
   -0.08153267
   -0.06580654
    0.01067125
   -0.03802848
   -0.03188322
   -0.02893085
   -0.03680180
    0.02913447
    0.03370154
    0.03597241
    0.07023948
    0.03101708
    0.03971011
    0.06445122
    0.07007563
    0.03275172
    0.05723102
    0.05188929
    0.05224306
    0.03418844
