           1           4   1.2537040485571753     
           3           4   1.3027807140313781     
           4           5   1.1611096559785050     
           5           6  0.96944644305388694     
           5           7   1.6599900038669901     
           7           8  0.96986519717410324     
           1           9   1.2471984946744936     
           7           9   1.1623995680505861     
           9          10   1.3184317769866796     
           2          11   1.2487068795988232     
          10          11   1.3085263361356658     
          11          12   1.1710055518421330     
          12          13  0.97010926257246044     
          12          14   1.6474176315239355     
          14          15  0.96960716057925567     
           2          16   1.2455827364705629     
          14          16   1.1698400840190635     
          10          17   1.0042359219284414     
          17          18   1.3384361599667438     
          18          19   1.3644764272089249     
          17          20  0.10055735659704403     
          19          20   1.4383182727804218     
          20          21  0.96820608048990886     
          20          22   1.4420332478836151     
          17          23   1.3383133858297724     
          22          23   1.3621537849505720     
          16          26   1.3026865734348134     
          24          27   1.2478037503917410     
          26          27   1.3082949078158539     
          27          28   1.1632778836499271     
          28          29  0.96949027839957602     
          28          30   1.6568504637504522     
          30          31  0.96992166610050179     
          24          32   1.2454157515705293     
          30          32   1.1646404075140682     
          32          33   1.3179002854940309     
          25          34   1.2412547635783895     
          33          34   1.3050399547149107     
          34          35   1.1707010825034168     
          35          36  0.95790490479540102     
          35          37   1.6405412100721504     
          37          38  0.96873465230173272     
           3          39   1.3046090153947130     
          25          39   1.2247104655569887     
          37          39   1.1667284446732635     
          33          40   1.0052177743981401     
          40          41   1.3350384640549997     
          41          42   1.3619105972246939     
          42          43   1.4406536638204996     
          43          44  0.96824842740678696     
          43          45   1.4392923386885272     
          40          46   1.3399794062938146     
          45          46   1.3643958016937927     
           1          47  0.57815940754842676     
           2          47  0.58439720858999844     
          24          47  0.57967386619365480     
          25          47  0.60299810961636091     
          47          48  0.58723713924415488     
          26          49  0.99718191621983820     
          49          50   1.3477201974576369     
          49          51   1.3388805281525562     
          50          52   1.3698739051028326     
          50          53   1.0633703374895460     
          51          54   1.3645866694793889     
          51          55   1.0762655471457094     
          52          56  0.95775208095884368     
          52          57   1.4385345508514549     
          54          57   1.4441726332694984     
          53          58   1.2158076911636559     
          53          59  0.92167126721753445     
          54          60  0.95578303040999824     
          55          61   1.2052588884180155     
          55          62  0.91843740506143035     
          57          63  0.96806756750821554     
          53          64  0.16676386326515860     
          58          64   1.6591832105090130     
          58          65  0.99034533194763108     
          55          66  0.16006283550727193     
          61          66   1.6574560617292748     
          61          67  0.99949658664026808     
          65          68  0.95782012695903029     
          65          69  0.96083135447466661     
          65          70  0.89337531785180568     
          68          70  0.94598361814090159     
          67          71  0.95581561100790169     
          67          72  0.96426859770172313     
          67          73  0.88648655302634904     
          71          73  0.94307043152694059     
          68          74  0.97318467247986240     
          68          75  0.97430257772788487     
          70          76  0.96384100670457062     
          70          77   1.0055838927770278     
          71          78  0.97388807193469573     
          71          79  0.96748933705932327     
          73          80  0.96338067008902517     
          73          81   1.0130286036463929     
          77          82   1.1474582052243865     
          77          83   1.6953544021406999     
          82          83  0.17052094829940395     
          81          84   1.1324236251166624     
          81          85   1.6988011108020393     
          84          85  0.16692681435794338     
          82          86  0.89947212878575222     
          84          87  0.90425521061610314     
          86          88   1.0023121599695111     
          86          89   1.0073640042011800     
          86          90  0.96108620379212584     
          87          91   1.0068396399082893     
          87          92   1.0028357135153720     
          87          93  0.96164723527643814     
          88          94  0.98551717505471548     
          88          95  0.98454713934886362     
          88          96  0.98164399583090733     
          89          97  0.98423233398862842     
          89          98  0.98115434254505662     
          89          99  0.98329586008870340     
          91         100  0.98475142903359625     
          91         101  0.98341363850755403     
          91         102  0.98190360912559749     
          92         103  0.98509859327053650     
          92         104  0.98199208580685216     
          92         105  0.98454412388679891     
           3         106   1.0010541485158424     
         106         107   1.3431764512802800     
         106         108   1.3389266055510054     
         107         109   1.3704815346500505     
         107         110   1.0680162653200824     
         108         111   1.3655105605783597     
         108         112   1.0748485776124805     
         109         113  0.95825141733059682     
         109         114   1.4379448446108780     
         111         114   1.4434052642138107     
         110         115   1.2077282404196192     
         110         116  0.91404446249535298     
         111         117  0.95704242823834218     
         112         118   1.2054013282186224     
         112         119  0.91909851001664644     
         114         120  0.96828568798625780     
         110         121  0.16468551584083063     
         115         121   1.6626100670535475     
         115         122  0.99175259405553329     
         112         123  0.16084986908860094     
         118         123   1.6577154803886529     
         118         124  0.99934794138353367     
         122         125  0.95102639906028175     
         122         126  0.94006338884245111     
         122         127  0.89745070887384337     
         125         127  0.94218150369035347     
         124         128  0.95790358837663614     
         124         129  0.96506010443351853     
         124         130  0.88243851634583459     
         128         130  0.94528958626440762     
         125         131  0.97313372204590931     
         125         132  0.95690035630448889     
         127         133  0.96433395350701201     
         127         134   1.0076426700888763     
         128         135  0.97346690541152459     
         128         136  0.96713990626676749     
         130         137  0.96412164345916940     
         130         138   1.0120476894601751     
         134         139   1.1518191223689207     
         134         140   1.6812566057442861     
         139         140  0.16805251627783407     
         138         141   1.1341654907154342     
         138         142   1.6987415205398728     
         141         142  0.16735297632139406     
         139         143  0.90003699445597096     
         141         144  0.90351756363452496     
         143         145   1.0072682362867749     
         143         146   1.0034632636814236     
         143         147  0.96121400526924439     
         144         148   1.0024616214125133     
         144         149   1.0073664842817045     
         144         150  0.96144965993227627     
         145         151  0.98440633310667003     
         145         152  0.98340237960838739     
         145         153  0.98132344639957081     
         146         154  0.98483663836743884     
         146         155  0.98151065447638874     
         146         156  0.98430432760038522     
         148         157  0.98523675565782420     
         148         158  0.98476697980612338     
         148         159  0.98209938494450699     
         149         160  0.98426484342520937     
         149         161  0.98165090863974569     
         149         162  0.98342838946155997     
          19         163  0.96398858757895378     
          22         164  0.96427255681496771     
          42         165  0.96407649534913231     
          45         166  0.96475465909598923     
          18         167   1.0345545966301690     
          23         168   1.0357273835609944     
          41         169   1.0376689896682587     
          46         170   1.0332238605972188     
         167         171  0.97287203789783994     
         171         172   1.3952049708851224     
         171         173   1.3963260574295218     
         172         174   1.4415098177337713     
         173         174  0.11165520782012987     
         172         175  0.96800137373056805     
         172         176  0.11196288145578746     
         173         176   1.4405545998539977     
         173         177  0.96790676788527819     
         171         178  0.10434667457066932     
         174         178   1.4381376570425239     
         176         178   1.4389430080545704     
         174         179  0.96906986122954319     
         176         180  0.96902941566325851     
         178         181  0.96921678008762480     
         168         182  0.98486441200893038     
         182         183   1.3880915135140617     
         182         184   1.3895624870449270     
         183         185   1.4435316662244031     
         184         185  0.11061851677062411     
         183         186  0.96821913144340721     
         183         187  0.11086475520761248     
         184         187   1.4424762515474905     
         184         188  0.96776995746719630     
         182         189  0.10231109752379682     
         185         189   1.4362448554541791     
         187         189   1.4379207535956613     
         185         190  0.96937841128313640     
         187         191  0.96910694417945997     
         189         192  0.96942029132589880     
         169         193  0.99249335824749374     
         193         194   1.3881187754882724     
         193         195   1.3698220281308404     
         194         196   1.4387268530029778     
         195         196  0.10996353712687955     
         194         197  0.96788589220530041     
         194         198  0.10760127543977953     
         195         198   1.4487687518109562     
         195         199  0.92770430673159121     
         193         200  0.10038417266523354     
         196         200   1.4396202434574956     
         198         200   1.4304743594368161     
         196         201  0.97040369785818137     
         198         202  0.96798966752615689     
         200         203  0.97040677805347453     
         170         204  0.98980281501691592     
         204         205   1.3863924561494725     
         204         206   1.3858952484105516     
         205         207   1.4435100466997095     
         206         207  0.11045713308445652     
         205         208  0.96798782046606102     
         205         209  0.11030094362125289     
         206         209   1.4440269474416370     
         206         210  0.96783380491705862     
         204         211  0.10153631739444276     
         207         211   1.4363565006143908     
         209         211   1.4369090094049071     
         207         212  0.96933112333009341     
         209         213  0.96926088809407773     
         211         214  0.96946457234257954     
          47         215   1.5603823190759494     
         215         216   1.4126018932782294     
         217         218   1.0092572821298105     
         218         219  0.99160013650486978     
         219         220  0.97640229646253329     
          47         221  0.10038924077773261     
         216         221   1.1707329898366363     
         220         221   1.0167724876208986     
         221         222   1.4641996838559472     
         222         223   1.4100327700235920     
         223         224   1.3746773614014813     
          47         225  0.11246592503745802     
         216         225   1.1630161427252732     
         224         225   1.5205167285739236     
         217         226  0.98516827390189032     
         217         227  0.98059523751599764     
         217         228  0.96750510735393880     
         218         229  0.93411885437999687     
         218         230  0.97158913318870999     
         219         231  0.95281227409668867     
         219         232  0.95274218044944692     
         220         233  0.95370908868371285     
         220         234  0.95944986358064932     
         222         235  0.95988414021027479     
         223         236  0.96993896130981982     
         224         237  0.95630322912202548     
         225         238  0.96549092756406174     
