   -0.19941698
   -0.20601471
   -0.01562041
    0.07502281
   -0.04506349
    0.04233686
   -0.03766879
    0.03919976
    0.08170880
    0.01121950
    0.07993917
   -0.04265763
    0.03561446
   -0.05056196
    0.04263041
    0.07021915
   -0.03038134
    0.14253468
   -0.07335137
   -0.03497050
    0.05459732
   -0.07229231
    0.14268486
   -0.20381585
   -0.20783007
   -0.01890356
    0.07064036
   -0.05106692
    0.04339390
   -0.04243709
    0.03928720
    0.07858706
    0.00852728
    0.07970201
   -0.04278724
    0.03583829
   -0.05117645
    0.04390229
    0.07094278
   -0.02872439
    0.14010421
   -0.06960405
   -0.03527021
    0.05723076
   -0.07021280
    0.14220083
    0.83623162
   -0.55502766
   -0.02701754
    0.07132084
    0.07568926
   -0.05511538
   -0.15856460
   -0.05394405
   -0.16016430
    0.07656924
   -0.03150772
    0.27592716
    0.19303822
    0.07882172
    0.27809031
    0.19822133
    0.05358653
   -0.45859428
   -0.04009247
   -0.46041046
   -0.03839522
   -0.05232805
    0.05730729
   -0.04213546
   -0.04887147
    0.06756325
   -0.04140143
    0.07940782
    0.07327306
    0.08348410
    0.35821164
    0.07322533
    0.08718724
    0.08063978
    0.35839104
   -0.28847796
   -0.46009365
   -0.29485386
   -0.45318068
    0.11804298
    0.12145266
   -0.11880929
   -0.12454513
    0.05275536
   -0.12194900
   -0.11861588
    0.04494871
    0.04761914
    0.06028472
    0.06162532
    0.05683186
    0.06312113
    0.06460081
    0.05532421
    0.06446828
    0.06139645
    0.04935246
    0.06015426
    0.05814087
   -0.02734266
    0.07269363
    0.07547540
   -0.05453744
   -0.15937399
   -0.05423805
   -0.16036784
    0.07655797
   -0.03150744
    0.27749978
    0.19774885
    0.07740301
    0.27776506
    0.19677794
    0.05375000
   -0.45801938
   -0.03961072
   -0.46011573
   -0.03799516
   -0.05005697
    0.06336423
   -0.03908998
   -0.04924296
    0.06447922
   -0.04102830
    0.07721342
    0.06891112
    0.07953321
    0.35851894
    0.07498175
    0.08617995
    0.07984049
    0.35823899
   -0.29056042
   -0.45977540
   -0.29426867
   -0.45342215
    0.12175526
    0.12022347
   -0.12397364
   -0.11945562
    0.04627334
   -0.11720186
   -0.12402164
    0.04828934
    0.05609871
    0.06501822
    0.06347763
    0.05067089
    0.06105356
    0.05936298
    0.04783046
    0.05770803
    0.05909336
    0.05734531
    0.06234693
    0.06410745
    0.04588781
    0.04762325
    0.05269218
    0.05018879
   -0.29643404
   -0.28901054
   -0.28668329
   -0.28734779
    0.13746997
   -0.04711494
   -0.04753909
   -0.03182080
    0.04736262
   -0.03094098
    0.05033289
   -0.03514201
    0.05081554
    0.05127722
    0.05040922
    0.13863837
   -0.04985657
   -0.04682648
   -0.03184507
    0.04255982
   -0.02997407
    0.05181287
   -0.03650211
    0.04783083
    0.05121671
    0.04817052
    0.13661215
   -0.05530822
   -0.04610274
   -0.03197983
    0.04115948
   -0.02711448
    0.04544075
   -0.03881953
    0.04603588
    0.05298306
    0.04658324
    0.13819904
   -0.05083060
   -0.04865041
   -0.03215912
    0.04172560
   -0.03041431
    0.05156548
   -0.03722981
    0.04916810
    0.05052747
    0.04856864
   -0.29630300
    0.11173881
   -0.03790490
   -0.02977960
   -0.03357016
   -0.03694586
    0.03628785
   -0.13795361
   -0.01142337
    0.00860453
   -0.03155255
   -0.02914272
   -0.03243378
   -0.02984603
   -0.03674551
    0.03409650
    0.05925473
    0.05332633
    0.06039682
    0.06320632
    0.05458524
    0.03340686
    0.03888823
    0.04378381
    0.04421079
    0.03177462
