           1           4   1.2501838796349358     
           3           4   1.3012883156087953     
           4           5   1.1655600803829531     
           5           6  0.96941864563832092     
           5           7   1.6516975316182889     
           7           8  0.96886949900106700     
           1           9   1.2428134730309681     
           7           9   1.1665215388308785     
           9          10   1.3169213701303202     
           2          11   1.2511274759110902     
          10          11   1.3111601686406278     
          11          12   1.1658448883120913     
          12          13  0.97006047868006673     
          12          14   1.6550267614782355     
          14          15  0.96954622028334114     
           2          16   1.2456433334093717     
          14          16   1.1646130741599170     
          10          17   1.0040297547175367     
          17          18   1.3398834775933961     
          18          19   1.3650411829978544     
          17          20  0.10063748025761363     
          19          20   1.4378901379285400     
          20          21  0.96820980006540558     
          20          22   1.4423595995609850     
          17          23   1.3373113710674627     
          22          23   1.3620639329151725     
          16          26   1.3077757805717174     
          24          27   1.2446015204452925     
          26          27   1.3017883038314066     
          27          28   1.1694803431476284     
          28          29  0.96930004789092361     
          28          30   1.6476395080903410     
          30          31  0.96979435218447030     
          24          32   1.2442939121156340     
          30          32   1.1712300392918322     
          32          33   1.3121962040466291     
          25          34   1.2496008152357072     
          33          34   1.3119425357698791     
          34          35   1.1665292200206805     
          35          36  0.97004644358728220     
          35          37   1.6539567611088302     
          37          38  0.96914902672949410     
           3          39   1.3078190125248674     
          25          39   1.2434413655854986     
          37          39   1.1642265149698903     
          33          40   1.0053017192436138     
          40          41   1.3387712663716025     
          41          42   1.3676983881036693     
          40          43  0.10004961184700803     
          42          43   1.4383120551100017     
          43          44  0.96791874418346646     
          43          45   1.4410831138087388     
          40          46   1.3397555405497190     
          45          46   1.3636824328811694     
           1          47  0.59802818957077197     
           2          47  0.58333737134580832     
          24          47  0.59205728609802155     
          25          47  0.58504506070248719     
          47          48  0.60148059605943271     
          26          49  0.99717926907657639     
          49          50   1.3479991906303801     
          49          51   1.3385964795546188     
          50          52   1.3699506302630402     
          50          53   1.0626200979447598     
          51          54   1.3644241304843883     
          51          55   1.0768704582257667     
          52          56  0.95772838585240150     
          52          57   1.4383782440838342     
          54          57   1.4442944014284178     
          53          58   1.2162589312154075     
          53          59  0.92243828160052344     
          54          60  0.95565927306339848     
          55          61   1.2048228342077181     
          55          62  0.91836105464022633     
          57          63  0.96801888693022675     
          53          64  0.16704281208505725     
          58          64   1.6591097288037011     
          58          65  0.99027177934670418     
          55          66  0.15986307694262988     
          61          66   1.6576656603195092     
          61          67  0.99965356490790436     
          65          68  0.95830377213148177     
          65          69  0.96551191039790984     
          65          70  0.89277701404791276     
          68          70  0.94512510006400829     
          67          71  0.95583779757145626     
          67          72  0.96417248301816538     
          67          73  0.88646406971657676     
          71          73  0.94298015320942430     
          68          74  0.97302724538318452     
          68          75  0.97444035243553107     
          70          76  0.96370611465296840     
          70          77   1.0069682913008438     
          71          78  0.97387340084923379     
          71          79  0.96746190707595703     
          73          80  0.96335350371469286     
          73          81   1.0129940300143974     
          77          82   1.1493990308698523     
          77          83   1.6906161364616847     
          82          83  0.17009968777011589     
          81          84   1.1321621528974730     
          81          85   1.6992162438194374     
          84          85  0.16692768187736007     
          82          86  0.89904710293531087     
          84          87  0.90431953524564757     
          86          88   1.0022881824428014     
          86          89   1.0073437973483639     
          86          90  0.96111289173449743     
          87          91   1.0068337420505173     
          87          92   1.0028397359491004     
          87          93  0.96163364205171353     
          88          94  0.98556305136906974     
          88          95  0.98448389899728317     
          88          96  0.98157073603254519     
          89          97  0.98421477236543409     
          89          98  0.98109081810495180     
          89          99  0.98325174662744441     
          91         100  0.98475458568296059     
          91         101  0.98342642525582968     
          91         102  0.98191889021870471     
          92         103  0.98509242306965028     
          92         104  0.98200225215414316     
          92         105  0.98455517042875318     
           3         106   1.0015651969853994     
         106         107   1.3420654182033647     
         106         108   1.3399924503095275     
         107         109   1.3701829943787722     
         107         110   1.0673516681465243     
         108         111   1.3650439921412045     
         108         112   1.0747212767468182     
         109         113  0.95806207021583734     
         109         114   1.4379630943452162     
         111         114   1.4433442636721707     
         110         115   1.2157306279531552     
         110         116  0.91564528392323108     
         111         117  0.95679624172559385     
         112         118   1.2056247110768779     
         112         119  0.91940534381454975     
         114         120  0.96808342441502826     
         110         121  0.16666760778692419     
         115         121   1.6609694636174135     
         115         122  0.98778497928923470     
         112         123  0.16100250518826639     
         118         123   1.6575045888445916     
         118         124  0.99924568100279143     
         122         125  0.95896402845787165     
         122         126  0.95926501084218307     
         122         127  0.89709119735545528     
         125         127  0.93803774089323888     
         124         128  0.95806472264855713     
         124         129  0.96506508180919115     
         124         130  0.88261134519220741     
         128         130  0.94494957673138624     
         125         131  0.97329515309778791     
         125         132  0.97476103925325452     
         127         133  0.96402649593224166     
         127         134   1.0094834160254624     
         128         135  0.97340793139803117     
         128         136  0.96709652218396214     
         130         137  0.96408793813202120     
         130         138   1.0121546038581097     
         134         139   1.1467128336321639     
         134         140   1.6854584646762698     
         139         140  0.16878210054963677     
         138         141   1.1339072949925046     
         138         142   1.6988851954951476     
         141         142  0.16728957201315645     
         139         143  0.89949510375897368     
         141         144  0.90363265799650128     
         143         145   1.0072452840250439     
         143         146   1.0035619693561291     
         143         147  0.96135844347788380     
         144         148   1.0024770412642792     
         144         149   1.0073492323379960     
         144         150  0.96143548466309758     
         145         151  0.98448769650223877     
         145         152  0.98319175551838589     
         145         153  0.98115699562419045     
         146         154  0.98487966038313102     
         146         155  0.98134558838305719     
         146         156  0.98419475333537432     
         148         157  0.98524829822328330     
         148         158  0.98478323571858351     
         148         159  0.98210709751228564     
         149         160  0.98426025659919125     
         149         161  0.98166734584103388     
         149         162  0.98343832140875220     
          19         163  0.96407316257558684     
          22         164  0.96423065095123139     
          42         165  0.96418211967314138     
          45         166  0.96445108112220912     
          18         167   1.0321713108542796     
          23         168   1.0368501556045919     
          41         169   1.0307987117801627     
          46         170   1.0353207448798145     
         167         171  0.97372349117986268     
         171         172   1.3956210609831023     
         171         173   1.3958910747991171     
         172         174   1.4410039475217009     
         173         174  0.11178111539239202     
         172         175  0.96767766278888767     
         172         176  0.11187124012041220     
         173         176   1.4409519973365152     
         173         177  0.96795336039648705     
         171         178  0.10427457552950006     
         174         178   1.4385129727288697     
         176         178   1.4386450108528808     
         174         179  0.96910784786207704     
         176         180  0.96904398326031427     
         178         181  0.96921724647120977     
         168         182  0.98467562326542735     
         182         183   1.3881419294052453     
         182         184   1.3895497973299968     
         183         185   1.4434944423895042     
         184         185  0.11063873907110709     
         183         186  0.96821580086933645     
         183         187  0.11085720072601972     
         184         187   1.4424776242127106     
         184         188  0.96771802973768906     
         182         189  0.10231185868791490     
         185         189   1.4362532672670971     
         187         189   1.4379284984138252     
         185         190  0.96939250927364584     
         187         191  0.96909520778015534     
         189         192  0.96943123189051850     
         169         193  0.99885945392375863     
         193         194   1.3822948238552299     
         193         195   1.3767905554075823     
         194         196   1.4422344907585278     
         195         196  0.10976420054811699     
         194         197  0.96737122850637480     
         194         198  0.10881222253419381     
         195         198   1.4485148986907337     
         195         199  0.96738993794436057     
         193         200  0.10005281524504119     
         196         200   1.4375855594515421     
         198         200   1.4324189722859226     
         196         201  0.96953021768972125     
         198         202  0.96801354622006075     
         200         203  0.96963674583997073     
         170         204  0.98857548970369491     
         204         205   1.3864511584782306     
         204         206   1.3860017461892185     
         205         207   1.4435064229907537     
         206         207  0.11045776307331906     
         205         208  0.96803992306771702     
         205         209  0.11033341257350374     
         206         209   1.4438976309760763     
         206         210  0.96775695836908315     
         204         211  0.10155171766553782     
         207         211   1.4363176742021242     
         209         211   1.4369752194159324     
         207         212  0.96929628701323578     
         209         213  0.96918366987561033     
         211         214  0.96940010218125006     
          47         215   1.5479229440521518     
         215         216   1.4292367388508835     
         216         217   1.1695633579238716     
         217         218   1.5313822514260940     
         218         219   1.3586852220606771     
         219         220   1.4264767496522568     
         216         221   1.1505520453651428     
         220         221   1.4263098684233460     
         221         222   1.0753246431581545     
         222         223  0.94941716566937995     
         223         224   1.0214627366583311     
         224         225   1.4026277127161670     
         225         226   1.4509602060545710     
         224         227  0.10768540546221385     
         226         227   1.4340194726670816     
         225         228  0.11163068187433116     
         227         228   1.4409405934534987     
         224         229   1.4102171561335681     
         226         229  0.10921596628323375     
         228         229   1.4418471577700684     
         217         230  0.96691212786523639     
         218         231  0.96092640880763791     
         219         232  0.96871362497637170     
         220         233  0.95823046727382133     
         223         234  0.96438757762374760     
         223         235  0.96868075488809025     
         225         236  0.96793961115362248     
         226         237  0.96976251362044463     
         227         238  0.97044260907279067     
         228         239  0.97004912438040281     
         229         240  0.96666319863095751     
