   -0.20340517
   -0.20318620
   -0.02701445
    0.06553880
   -0.05581178
    0.02062149
   -0.05551593
    0.01990449
    0.06693660
   -0.02429059
    0.06495953
   -0.06220347
    0.02198988
   -0.05875875
    0.02286053
    0.06256506
   -0.01938511
    0.10091819
   -0.06877059
   -0.03300636
    0.07231697
   -0.06471020
    0.15080067
   -0.21215686
   -0.20421075
   -0.02852872
    0.06698287
   -0.05821135
    0.02182512
   -0.04777902
    0.01686659
    0.07162894
    0.00053327
    0.07019380
   -0.05033195
    0.01351448
   -0.06140429
    0.02081746
    0.06267418
   -0.02785599
    0.13740821
   -0.07095867
   -0.03708567
    0.05234601
   -0.07120911
    0.14042654
    0.72730947
   -0.63157659
   -0.02678337
    0.06971740
    0.07423842
   -0.05705197
   -0.15629998
   -0.05580624
   -0.15947886
    0.07329700
   -0.03288767
    0.27367816
    0.19466584
    0.07393763
    0.27643181
    0.19884260
    0.04731390
   -0.46367655
   -0.03858302
   -0.46501734
   -0.03591099
   -0.05144486
    0.05912942
   -0.04086788
   -0.04693410
    0.06975748
   -0.03993001
    0.08106189
    0.07367970
    0.08277282
    0.35446962
    0.07132608
    0.08649295
    0.08073773
    0.35602011
   -0.29403487
   -0.45476520
   -0.29829683
   -0.45233636
    0.11912130
    0.12227806
   -0.11453980
   -0.12071501
    0.05266578
   -0.11846094
   -0.11536162
    0.04496836
    0.04660272
    0.05739885
    0.05823385
    0.05629644
    0.06082936
    0.06276568
    0.05422478
    0.06346032
    0.05983686
    0.04760828
    0.05866551
    0.05703496
   -0.02719764
    0.07026895
    0.07430043
   -0.05666242
   -0.16111914
   -0.05562071
   -0.15950521
    0.07223030
   -0.03278471
    0.27422665
    0.19751202
    0.07360516
    0.27620642
    0.19731910
    0.04802184
   -0.46187579
   -0.03695122
   -0.46393468
   -0.03538511
   -0.04850525
    0.05739983
   -0.04004551
   -0.04766764
    0.06565202
   -0.03943003
    0.07777289
    0.06916638
    0.08326625
    0.35556856
    0.07438540
    0.08702129
    0.07983397
    0.35590576
   -0.29191695
   -0.45776158
   -0.29799050
   -0.45231310
    0.12171564
    0.12119163
   -0.12050730
   -0.11622041
    0.04803439
   -0.11325374
   -0.12048504
    0.04812932
    0.05580080
    0.06349445
    0.06192092
    0.04872015
    0.05983164
    0.05827803
    0.04644972
    0.05574206
    0.05716699
    0.05678368
    0.06096698
    0.06274156
    0.07883333
    0.05885097
    0.04840363
    0.04542037
   -0.12042727
   -0.27610836
   -0.28055104
   -0.28814638
    0.05011114
   -0.07624684
   -0.11453791
    0.00550487
    0.06248692
   -0.16964638
    0.09513158
   -0.00679968
    0.08829309
    0.06828755
    0.14179845
    0.13789567
   -0.05016675
   -0.04562024
   -0.03155107
    0.04537258
   -0.02919598
    0.05149869
   -0.03573699
    0.04847268
    0.05009975
    0.04822390
    0.14307637
   -0.05269844
   -0.04169862
   -0.03114231
    0.03825203
   -0.02575261
    0.04532546
   -0.03774374
    0.04252835
    0.05111322
    0.04433911
    0.13951673
   -0.05001567
   -0.04781826
   -0.03225725
    0.03927343
   -0.03045713
    0.04969955
   -0.03780812
    0.04772989
    0.04953729
    0.04839751
   -0.37104356
    0.08371412
   -0.04799731
   -0.04239518
   -0.04573384
   -0.04836691
   -0.01137504
   -0.06163053
   -0.13595651
   -0.02938963
   -0.10605474
   -0.08249247
   -0.05810139
   -0.05559960
   -0.04800224
    0.02851982
    0.02317033
    0.03131349
    0.03065737
    0.05755390
    0.04535883
    0.46737478
    0.06034431
    0.40731278
    0.25463181
    0.01883159
    0.02025006
    0.00931140
