           1           4   1.2511417420788240     
           3           4   1.3048564570920234     
           4           5   1.1640938848538678     
           5           6  0.97074770806103794     
           5           7   1.6502338483360628     
           7           8  0.97029015493104698     
           1           9   1.2384775652857956     
           7           9   1.1635120260012561     
           9          10   1.3150344626930086     
           2          11   1.2269180367384973     
          10          11   1.2876647995366675     
          11          12   1.1751678651142192     
          12          13  0.97015604091687091     
          12          14   1.6242811932682795     
          14          15  0.97074727071728917     
           2          16   1.2475265442308170     
          14          16   1.1820108607068140     
          10          17   1.0060914070292670     
          17          18   1.3581553419430497     
          18          19   1.3740206273638251     
          17          20  0.10069846221743535     
          19          20   1.4246954740146671     
          20          21  0.96499553789169956     
          20          22   1.4471817685252641     
          17          23   1.3215289801379309     
          22          23   1.3601027989339958     
          16          26   1.2887620170581247     
          24          27   1.2462653758968247     
          26          27   1.3097122489465800     
          27          28   1.1642032859206222     
          28          29  0.97048146465467400     
          28          30   1.6503879859955939     
          30          31  0.97081527152813485     
          24          32   1.2371205669427974     
          30          32   1.1661129084666950     
          32          33   1.3220132108074278     
          25          34   1.2486197493045841     
          33          34   1.2925096964071137     
          34          35   1.1798731945924561     
          35          36  0.97092466444161685     
          35          37   1.6281991126321385     
          37          38  0.97038627241162578     
           3          39   1.2968177783657260     
          25          39   1.2407765988836033     
          37          39   1.1773595820817169     
          33          40   1.0082133497931847     
          40          41   1.3392766553518329     
          41          42   1.3675740725157712     
          40          43  0.10095293351619888     
          42          43   1.4373334111389888     
          43          44  0.96853126021999758     
          43          45   1.4396456522468359     
          40          46   1.3380999827141420     
          45          46   1.3641439217658251     
           1          47  0.59773956948894180     
           2          47  0.60203191096479813     
          24          47  0.59498256588734599     
          25          47  0.59382544175194107     
          47          48  0.51792886689356832     
          26          49   1.0003972904382001     
          49          50   1.3462573211407847     
          49          51   1.3361538609955304     
          50          52   1.3668371562342647     
          50          53   1.0678682644153685     
          51          54   1.3612699581923164     
          51          55   1.0825279547534425     
          52          56  0.95803453024269969     
          52          57   1.4382622521479751     
          54          57   1.4443600722560801     
          53          58   1.2180864510390637     
          53          59  0.92140289827379518     
          54          60  0.95628259255496229     
          55          61   1.2041320701225280     
          55          62  0.91704835273054175     
          57          63  0.96848572779798903     
          53          64  0.16749683453836203     
          58          64   1.6499684740863041     
          58          65  0.99378775325198587     
          55          66  0.16000600240206564     
          61          66   1.6504108298366247     
          61          67   1.0038684422060768     
          65          68  0.95774730390599749     
          65          69  0.96494896192685797     
          65          70  0.89244901515743380     
          68          70  0.94185858159018987     
          67          71  0.95669304182789239     
          67          72  0.96319582187858843     
          67          73  0.88327348350474388     
          71          73  0.94004817579234956     
          68          74  0.97238688506198045     
          68          75  0.97375657836692442     
          70          76  0.96310957622300741     
          70          77   1.0122783290991666     
          71          78  0.97366912822895346     
          71          79  0.96674893705323628     
          73          80  0.96268567108008429     
          73          81   1.0183696292379583     
          77          82   1.1390471985931045     
          77          83   1.6956974131111651     
          82          83  0.16912739308142408     
          81          84   1.1258451600739383     
          81          85   1.6989076740219886     
          84          85  0.16562435487922064     
          82          86  0.89950943310487941     
          84          87  0.90368015876173913     
          86          88   1.0049043762426464     
          86          89   1.0081001493691601     
          86          90  0.95986489230815553     
          87          91   1.0079324089860890     
          87          92   1.0043359425404677     
          87          93  0.96080339151961847     
          88          94  0.98512669293460153     
          88          95  0.98404322389496934     
          88          96  0.98125939156599773     
          89          97  0.98410584978587756     
          89          98  0.98103980507598976     
          89          99  0.98304862568556950     
          91         100  0.98445980954523460     
          91         101  0.98308115090961024     
          91         102  0.98173445863928699     
          92         103  0.98485947373366578     
          92         104  0.98165562279734475     
          92         105  0.98426338439939376     
           3         106   1.0048136896166244     
         106         107   1.3418782606742086     
         106         108   1.3365051667642645     
         107         109   1.3687106282045620     
         107         110   1.0682555090049919     
         108         111   1.3616772620124225     
         108         112   1.0815575547434257     
         109         113  0.95868011886060189     
         109         114   1.4367927322525591     
         111         114   1.4442035119332410     
         110         115   1.2138245599803881     
         110         116  0.91795552881590925     
         111         117  0.95719058894876197     
         112         118   1.2034254573480687     
         112         119  0.91816150528921581     
         114         120  0.96852392574969370     
         110         121  0.16725270654379565     
         115         121   1.6545043061346383     
         115         122  0.99335409002275621     
         112         123  0.16054642398713781     
         118         123   1.6508754867945250     
         118         124   1.0041365173276817     
         122         125  0.95656990155614186     
         122         126  0.96469417569337867     
         122         127  0.89608135685400414     
         125         127  0.93928468418972666     
         124         128  0.95764210448427756     
         124         129  0.96433363812218587     
         124         130  0.88001178149831383     
         128         130  0.94275231886058619     
         125         131  0.97293328940015045     
         125         132  0.97433364567320613     
         127         133  0.96324911837526916     
         127         134   1.0121764307689447     
         128         135  0.97303169854251526     
         128         136  0.96602488776156381     
         130         137  0.96347235190333624     
         130         138   1.0167606160454352     
         134         139   1.1426591429549835     
         134         140   1.6922943524667309     
         139         140  0.16878650543956844     
         138         141   1.1278037783645045     
         138         142   1.6992086531276216     
         141         142  0.16627550036217378     
         139         143  0.89830507845749041     
         141         144  0.90281263182223093     
         143         145   1.0084375919356872     
         143         146   1.0047863782191120     
         143         147  0.96070684715087329     
         144         148   1.0046380901355212     
         144         149   1.0081237426940353     
         144         150  0.96039642140243298     
         145         151  0.98416694921486114     
         145         152  0.98296272845319799     
         145         153  0.98107566699702320     
         146         154  0.98473488527588715     
         146         155  0.98111607707436210     
         146         156  0.98399389946352012     
         148         157  0.98494394964399912     
         148         158  0.98433648653436479     
         148         159  0.98164687598249256     
         149         160  0.98411465909309548     
         149         161  0.98146494703181164     
         149         162  0.98313316505338011     
          19         163  0.95827915642776407     
          22         164  0.96300488668611772     
          42         165  0.96469116039737468     
          45         166  0.96496081848613457     
          18         167  0.86299066535688640     
          23         168   1.0513137299014845     
          41         169   1.0283719588317708     
          46         170   1.0328339559345554     
         167         171  0.85728184926569528     
         171         172   1.2013781402681012     
         171         173   1.2497867227550477     
         172         174   1.1295272662263072     
         172         175  0.95779557420337691     
         173         176   1.1511282319070824     
         173         177  0.95112242662761770     
         174         178   1.0662386960679913     
         176         178   1.3031323798769761     
         174         179  0.95320709525978453     
         176         180  0.96225787603837931     
         178         181  0.87632814688290317     
         168         182  0.98541874808024477     
         182         183   1.3848105395639403     
         182         184   1.3904772861194514     
         183         185   1.4450388401257892     
         184         185  0.11044781687966591     
         183         186  0.96778973204585506     
         183         187  0.11086007763257962     
         184         187   1.4407153460924846     
         184         188  0.96758034210782218     
         182         189  0.10247083731797355     
         185         189   1.4342194892294109     
         187         189   1.4389137666670149     
         185         190  0.96914452809105112     
         187         191  0.96904352959718387     
         189         192  0.96952292292817976     
         169         193   1.0009850524670691     
         193         194   1.3750491945439036     
         193         195   1.3747915363826475     
         194         196   1.4405754201756609     
         195         196  0.10987534248559926     
         194         197  0.96760052697366739     
         194         198  0.10951982461520109     
         195         198   1.4463548867858305     
         195         199  0.96736330587137842     
         193         200  0.10042454414915392     
         196         200   1.4346358512257105     
         198         200   1.4326036040412993     
         196         201  0.96977013644171994     
         198         202  0.96818971268074461     
         200         203  0.96978259389067523     
         170         204  0.99264398779840179     
         204         205   1.3819909712002183     
         204         206   1.3857222133000846     
         205         207   1.4458444158959376     
         206         207  0.10985631721119825     
         205         208  0.96822752516021093     
         205         209  0.11024503599592486     
         206         209   1.4426110753080605     
         206         210  0.96778412085632637     
         204         211  0.10142326045333262     
         207         211   1.4337416772016622     
         209         211   1.4375226788183215     
         207         212  0.96925437162461314     
         209         213  0.96910813626510284     
         211         214  0.96950034201478008     
          47         215   1.4153841561718745     
         215         216   1.2431750011740907     
         216         217   1.2815719961375884     
         217         218   1.4802535025636019     
         218         219   1.3970228301900229     
         217         220  0.10316561497277184     
         219         220   1.4346858108740028     
         216         221   1.2535483769080711     
         220         221   1.4183578917040855     
         221         222  0.98934737456680666     
         222         223  0.98597818312179630     
         223         224   1.1723181758265457     
         172         225  0.21499452556551563     
         174         225  0.22273715666736163     
         224         225   1.1786268459736362     
         174         226  0.30009575050132470     
         178         226  0.26916913610516113     
         225         226   1.0925527131651740     
         226         227   1.2579173337047214     
         227         228   1.4231572529045988     
         224         229   1.3720235012338959     
         228         229   1.3460030975548072     
         217         230  0.96129847598007623     
         218         231  0.96057238492973818     
         219         232  0.97062177392439697     
         220         233  0.96744477396539719     
         222         234  0.93663665018704667     
         222         235  0.96695569811865401     
         167         236  0.56753940866834285     
         223         236  0.18025200581268619     
         223         237  0.95732214761420686     
         173         238  0.22286758386851888     
         225         238  0.45874099884582509     
         178         239  0.24395116656141366     
         226         239  0.58145006681405842     
         227         240  0.96968326340211708     
         228         241  0.96659165358833077     
         229         242  0.96950682891180073     
