   -0.19988843
   -0.20212828
   -0.02032823
    0.07147968
   -0.05403658
    0.03627005
   -0.04044416
    0.04774187
    0.08080602
    0.00293717
    0.07477274
   -0.04721645
    0.02912976
   -0.05318602
    0.03434327
    0.06851452
   -0.02774726
    0.13516374
   -0.07728975
   -0.03486810
    0.05442908
   -0.07141500
    0.14308270
   -0.20778011
   -0.20531891
   -0.01994718
    0.07065769
   -0.05346419
    0.03410935
   -0.04428742
    0.03008284
    0.07700630
    0.00807941
    0.07627151
   -0.04484881
    0.02777744
   -0.05545182
    0.03518352
    0.06768078
   -0.02870181
    0.13950113
   -0.07019137
   -0.03601310
    0.05486492
   -0.07093550
    0.14114195
    0.78007082
   -0.59930830
   -0.02778759
    0.07078901
    0.07506136
   -0.05623434
   -0.15712019
   -0.05515653
   -0.15933630
    0.07544565
   -0.03181875
    0.27385234
    0.19483992
    0.07704600
    0.27628809
    0.19826083
    0.05025820
   -0.46205130
   -0.04015693
   -0.46245939
   -0.03619510
   -0.05146299
    0.06046411
   -0.04034153
   -0.04755461
    0.06851450
   -0.03988025
    0.07919860
    0.07297346
    0.08341148
    0.35432024
    0.07274891
    0.08769975
    0.08135451
    0.35599211
   -0.29343989
   -0.45454836
   -0.29787757
   -0.45230121
    0.11905674
    0.12220459
   -0.11439955
   -0.12096264
    0.05307129
   -0.11846155
   -0.11556106
    0.04512129
    0.04585929
    0.05809926
    0.05924210
    0.05590661
    0.06134433
    0.06294891
    0.05376800
    0.06357935
    0.05986939
    0.04803018
    0.05892004
    0.05728182
   -0.02795056
    0.07153892
    0.07502238
   -0.05583276
   -0.15945871
   -0.05502294
   -0.15929232
    0.07524702
   -0.03163320
    0.27438973
    0.19604118
    0.07589363
    0.27599128
    0.19732359
    0.05057090
   -0.45941765
   -0.03752589
   -0.46181843
   -0.03593540
   -0.04939789
    0.05787716
   -0.04016206
   -0.04812764
    0.06529706
   -0.03945877
    0.07838526
    0.07019847
    0.08398714
    0.35522588
    0.07496082
    0.08704494
    0.08069915
    0.35587589
   -0.29110282
   -0.45720842
   -0.29744049
   -0.45251849
    0.11965814
    0.12100106
   -0.12190223
   -0.11653239
    0.05132697
   -0.11379930
   -0.12065562
    0.04824343
    0.05719779
    0.06326242
    0.06194426
    0.04887345
    0.05966421
    0.05793719
    0.04700202
    0.05621961
    0.05736152
    0.05660250
    0.06094945
    0.06289204
    0.04548081
    0.04764861
    0.05173927
    0.04817486
   -0.27918869
   -0.28478304
   -0.28206291
   -0.28667891
    0.13920748
   -0.10364434
   -0.04768103
   -0.04962490
    0.36881250
   -0.03668085
    0.06076220
   -0.03768487
    0.05624053
    0.05551049
    0.05615385
    0.13848570
   -0.04976959
   -0.04668959
   -0.03169433
    0.04209802
   -0.02978800
    0.05161281
   -0.03637003
    0.04678206
    0.05026015
    0.04766094
    0.13770125
   -0.05492084
   -0.04615452
   -0.03202793
    0.03949002
   -0.02771247
    0.04657860
   -0.03888754
    0.04416637
    0.05316245
    0.04576651
    0.13860874
   -0.05054608
   -0.04828820
   -0.03210405
    0.04074114
   -0.03034926
    0.05040286
   -0.03741089
    0.04824635
    0.04961598
    0.04839914
   -0.34658553
    0.09226269
   -0.04105314
   -0.03215087
   -0.03186421
   -0.04381828
    0.01076590
   -0.05113698
   -0.06068950
   -0.01485041
   -0.02242443
   -0.10165764
   -0.03680354
   -0.06126183
   -0.06895543
    0.03436958
    0.03303602
    0.05352124
    0.04591040
    0.04073287
    0.04233262
    0.07541497
    0.04355400
    0.14130106
    0.04997012
    0.04184936
    0.02533470
    0.08060082
