           1           4   1.2508583201027514     
           3           4   1.3034692037190110     
           4           5   1.1640061456672881     
           5           6  0.96982236902072871     
           5           7   1.6463650972542663     
           7           8  0.95818316014302007     
           1           9   1.2427788151182053     
           7           9   1.1335217847093271     
           9          10   1.3088498134524658     
           2          11   1.2459674920270229     
          10          11   1.3081095916061345     
          11          12   1.1685158852300075     
          12          13  0.97016487956104014     
          12          14   1.6484216617225158     
          14          15  0.96993638522198555     
           2          16   1.2464593580904484     
          14          16   1.1680816341320164     
          10          17   1.0058731982552305     
          17          18   1.3387332146940687     
          18          19   1.3657675200000337     
          17          20  0.10057973603749792     
          19          20   1.4355095453758957     
          20          21  0.96825596972589068     
          20          22   1.4428515354911475     
          17          23   1.3340367960341666     
          22          23   1.3609108604486526     
          16          26   1.3053774965690832     
          24          27   1.2432831678805272     
          26          27   1.3029281442333327     
          27          28   1.1712400391868942     
          28          29  0.96977960773222149     
          28          30   1.6434030200525955     
          30          31  0.97014347952368618     
          24          32   1.2359052727255126     
          30          32   1.1722463359272570     
          32          33   1.3140570941946990     
          25          34   1.2460811031647492     
          33          34   1.3075679529644664     
          34          35   1.1717711315073691     
          35          36  0.97031952373841002     
          35          37   1.6439365075635461     
          37          38  0.96956121822712671     
           3          39   1.3048262386899465     
          25          39   1.2416272113202871     
          37          39   1.1697214609018820     
          33          40   1.0082711206425881     
          40          41   1.3367976175200544     
          41          42   1.3667886242243636     
          40          43  0.10043814553372696     
          42          43   1.4380170760751301     
          43          44  0.96827236008218731     
          43          45   1.4398257069133269     
          40          46   1.3383069359554172     
          45          46   1.3637607519721104     
           1          47  0.59222264012423231     
           2          47  0.58788360500509917     
          24          47  0.58887001330553312     
          25          47  0.59339884775143992     
          47          48  0.54625274145074221     
          26          49   1.0004223118056761     
          49          50   1.3455222720605711     
          49          51   1.3353251983530261     
          50          52   1.3669476297503382     
          50          53   1.0684919369350285     
          51          54   1.3612258383803171     
          51          55   1.0832833708565721     
          52          56  0.95758601398744270     
          52          57   1.4383270406966882     
          54          57   1.4445263009913547     
          53          58   1.2150334025927290     
          53          59  0.92139581339565368     
          54          60  0.95560730187980203     
          55          61   1.2010850376641067     
          55          62  0.91769906138945667     
          57          63  0.96818675375931806     
          53          64  0.16642895687591353     
          58          64   1.6530264893687252     
          58          65  0.99426970396742420     
          55          66  0.15927872923821257     
          61          66   1.6535181728065407     
          61          67   1.0042212186298578     
          65          68  0.95843691120283137     
          65          69  0.96068083124776404     
          65          70  0.89057520911535737     
          68          70  0.94222737426132608     
          67          71  0.95552132881846807     
          67          72  0.96332308095412156     
          67          73  0.88367758614298408     
          71          73  0.94102410292242344     
          68          74  0.97262039004573464     
          68          75  0.97401870023583981     
          70          76  0.96296097348035536     
          70          77   1.0129279644596112     
          71          78  0.97349439377961289     
          71          79  0.96648689525202092     
          73          80  0.96261500215475626     
          73          81   1.0176372638409408     
          77          82   1.1409215724177328     
          77          83   1.6923823769092461     
          82          83  0.16922767738435107     
          81          84   1.1270694673918271     
          81          85   1.6984535238104006     
          84          85  0.16601567137174109     
          82          86  0.89881383665311798     
          84          87  0.90355222721680239     
          86          88   1.0048071374750818     
          86          89   1.0081455561770465     
          86          90  0.95984863142307197     
          87          91   1.0079934749090080     
          87          92   1.0042823632828641     
          87          93  0.96080079749506642     
          88          94  0.98516757487483664     
          88          95  0.98396588409245911     
          88          96  0.98113082435391419     
          89          97  0.98412342657135654     
          89          98  0.98089604284112653     
          89          99  0.98300490193690970     
          91         100  0.98448861512371721     
          91         101  0.98304751582950201     
          91         102  0.98167514302724490     
          92         103  0.98481229050692431     
          92         104  0.98160168344040055     
          92         105  0.98423297275243826     
           3         106   1.0045272432113646     
         106         107   1.3410249771782694     
         106         108   1.3360163937395293     
         107         109   1.3686571303748347     
         107         110   1.0697877102611739     
         108         111   1.3617490634247995     
         108         112   1.0819627286440263     
         109         113  0.95809144556402825     
         109         114   1.4370528028864111     
         111         114   1.4442562320140113     
         110         115   1.2103683058127952     
         110         116  0.91890441265529055     
         111         117  0.95671565263962222     
         112         118   1.2011329782255324     
         112         119  0.91850641351319329     
         114         120  0.96826706256020045     
         110         121  0.16614047526458092     
         115         121   1.6580649129566938     
         115         122  0.99392734539260286     
         112         123  0.16005123284395856     
         118         123   1.6538059739560935     
         118         124   1.0042612014940511     
         122         125  0.95553134745559443     
         122         126  0.96456838168327430     
         122         127  0.89621810657998036     
         125         127  0.94027043544971112     
         124         128  0.95725930253628499     
         124         129  0.96428976292886659     
         124         130  0.87974958872483322     
         128         130  0.94344793205462796     
         125         131  0.97285962180997165     
         125         132  0.97414361403469596     
         127         133  0.96315385033887124     
         127         134   1.0115632452130425     
         128         135  0.97294390873627756     
         128         136  0.96599055539501866     
         130         137  0.96333929685480890     
         130         138   1.0165379127361847     
         134         139   1.1439985655540841     
         134         140   1.6918230576855597     
         139         140  0.16925316197241824     
         138         141   1.1287956545915381     
         138         142   1.6984777904154247     
         141         142  0.16654088117143678     
         139         143  0.89822864438691419     
         141         144  0.90269624245944491     
         143         145   1.0085212834101160     
         143         146   1.0048171445149083     
         143         147  0.96038303042565576     
         144         148   1.0045783506824042     
         144         149   1.0081825693402859     
         144         150  0.96039210709169998     
         145         151  0.98396931308513624     
         145         152  0.98296427027461852     
         145         153  0.98100218710929399     
         146         154  0.98469942544472711     
         146         155  0.98111011224745681     
         146         156  0.98401450288050107     
         148         157  0.98489428088151054     
         148         158  0.98428995193618429     
         148         159  0.98162291703890403     
         149         160  0.98411473972350538     
         149         161  0.98142273394901669     
         149         162  0.98309731951093937     
          19         163  0.96409158085815649     
          22         164  0.96424820703567971     
          42         165  0.96424956909987791     
          45         166  0.96464555055229206     
          18         167   1.0194323325288044     
          23         168   1.0391249189391334     
          41         169   1.0330053195004827     
          46         170   1.0342836910192783     
         167         171  0.97634222872387089     
         171         172   1.3069268523337787     
         171         173   1.3932919737398726     
         172         174   1.3407854168774329     
         172         175  0.44231868294765692     
         173         176   1.4284952558213315     
         173         177  0.96485701390111245     
         174         178   1.4641383989726526     
         176         178   1.4058589143558713     
         174         179  0.95972533654804282     
         176         180  0.96825918710252867     
         178         181  0.96785135460284843     
         168         182  0.98785833352677987     
         182         183   1.3845879333049484     
         182         184   1.3899885212183312     
         183         185   1.4455064419437835     
         184         185  0.11023891927470113     
         183         186  0.96818443437645796     
         183         187  0.11084122440580509     
         184         187   1.4409399474755993     
         184         188  0.96756985201915768     
         182         189  0.10238602190811422     
         185         189   1.4339328999759207     
         187         189   1.4388134993353123     
         185         190  0.96933586950511896     
         187         191  0.96903803761507090     
         189         192  0.96958088530056918     
         169         193   1.0017686165461630     
         193         194   1.3787707860321818     
         193         195   1.3775344568721370     
         194         196   1.4435528031271705     
         195         196  0.10953879556790655     
         194         197  0.96749558035527883     
         194         198  0.10913205523020655     
         195         198   1.4472719148734048     
         195         199  0.96742362959797124     
         196         200   1.4359047861461145     
         198         200   1.4334265023117378     
         196         201  0.96965759852342226     
         198         202  0.96795666108959821     
         200         203  0.96968257423338899     
         170         204  0.99169934039876428     
         204         205   1.3824288051579592     
         204         206   1.3863574455930521     
         205         207   1.4457585195450524     
         206         207  0.10991048230735410     
         205         208  0.96808317534282762     
         205         209  0.11034691185495867     
         206         209   1.4423848360164211     
         206         210  0.96769568640186643     
         204         211  0.10155771826147984     
         207         211   1.4338824955738620     
         209         211   1.4377277358799547     
         207         212  0.96920755554348481     
         209         213  0.96911147327338509     
         211         214  0.96951055251235563     
          47         215   1.4572994941941178     
         215         216   1.2243794005417199     
         216         217   1.2861065755808532     
         217         218   1.4745283364335255     
         218         219   1.4013208412477680     
         219         220   1.4288293486858041     
         216         221   1.2657869930004406     
         220         221   1.4301309232365262     
         221         222   1.0174487550852460     
         222         223  0.95594007328192054     
         223         224   1.0153188180274546     
         172         225  0.31801200396553875     
         175         225  0.33357579693887640     
         224         225   1.0683962635212727     
         225         226   1.1067633213773820     
         226         227   1.4963223376071189     
         227         228   1.3870743202360545     
         224         229   1.4937075866173322     
         228         229   1.3640360121750110     
         217         230  0.95997668230571487     
         218         231  0.96602667985870672     
         219         232  0.96815899355911217     
         220         233  0.96743332631367729     
         222         234  0.97101380192297793     
         222         235  0.96806650348793122     
         223         236  0.95084094396777907     
         223         237  0.95493635226896711     
         225         238  0.90454464291170411     
         226         239  0.96767828458807859     
         227         240  0.97123158092090822     
         228         241  0.96395062548801136     
         229         242  0.89836219544760276     
