   -0.20566393
   -0.20709981
   -0.01942794
    0.07238082
   -0.04907854
    0.04348865
   -0.04054576
    0.03946991
    0.08054930
    0.01150499
    0.07993564
   -0.04255302
    0.03558823
   -0.05061961
    0.04237639
    0.07112902
   -0.03107293
    0.14209331
   -0.07370850
   -0.03504192
    0.05440359
   -0.07258291
    0.14224980
   -0.20040013
   -0.21218867
   -0.01780242
    0.07126376
   -0.05147826
    0.04329035
   -0.04237486
    0.03944409
    0.07884277
    0.00951241
    0.07922987
   -0.04285615
    0.03504721
   -0.05279799
    0.04225327
    0.06947281
   -0.02899941
    0.14018744
   -0.06972888
   -0.03524049
    0.05716506
   -0.07031299
    0.14206083
    0.83653545
   -0.56236839
   -0.02723873
    0.07151464
    0.07558025
   -0.05511947
   -0.15889448
   -0.05404730
   -0.16040312
    0.07673314
   -0.03147931
    0.27602483
    0.19424756
    0.07856629
    0.27802791
    0.19819333
    0.05349011
   -0.45875487
   -0.04063884
   -0.46050874
   -0.03813275
   -0.05249921
    0.05850336
   -0.04223544
   -0.04881207
    0.06708380
   -0.04141545
    0.07913711
    0.07338205
    0.08324275
    0.35781334
    0.07323618
    0.08692879
    0.08066722
    0.35842426
   -0.28955166
   -0.45709126
   -0.29473778
   -0.45363167
    0.11796121
    0.12150295
   -0.11814012
   -0.12449049
    0.05299995
   -0.12200438
   -0.11861085
    0.04483237
    0.04661242
    0.06006621
    0.06152147
    0.05676662
    0.06293526
    0.06434292
    0.05536997
    0.06457644
    0.06145482
    0.04925008
    0.06020204
    0.05823429
   -0.02790179
    0.07181780
    0.07539432
   -0.05489407
   -0.16118995
   -0.05396702
   -0.16083303
    0.07640311
   -0.03133557
    0.27627704
    0.19466393
    0.07711658
    0.27780526
    0.19718106
    0.05354469
   -0.45744418
   -0.04121959
   -0.45995634
   -0.03786058
   -0.05071346
    0.06120126
   -0.04169267
   -0.04915623
    0.06435335
   -0.04095097
    0.07731684
    0.06985277
    0.08241738
    0.35861407
    0.07495165
    0.08619357
    0.07983040
    0.35827058
   -0.28690705
   -0.45445284
   -0.29416780
   -0.45341752
    0.12097587
    0.12022764
   -0.12428679
   -0.11971749
    0.04811564
   -0.11722213
   -0.12408513
    0.04835003
    0.05717203
    0.06399478
    0.06346026
    0.05076049
    0.06095962
    0.05871234
    0.04777422
    0.05773791
    0.05924761
    0.05739943
    0.06247312
    0.06415714
    0.04660412
    0.04705493
    0.05312101
    0.04992582
   -0.29199740
   -0.28997489
   -0.28570107
   -0.28770298
    0.13787241
   -0.04557086
   -0.04740738
   -0.03152916
    0.05190621
   -0.03093630
    0.04963631
   -0.03510874
    0.04978840
    0.05077584
    0.05030559
    0.13860782
   -0.04989796
   -0.04692508
   -0.03184464
    0.04272778
   -0.03003644
    0.05122053
   -0.03652857
    0.04797863
    0.05105227
    0.04823824
    0.13677576
   -0.05473910
   -0.04563366
   -0.03166739
    0.04043877
   -0.02657556
    0.04550539
   -0.03834234
    0.04555035
    0.05433342
    0.04636957
    0.13813955
   -0.05091211
   -0.04870950
   -0.03218881
    0.04162238
   -0.03042049
    0.05160605
   -0.03722447
    0.04909589
    0.05054307
    0.04855477
   -0.29556349
    0.11172553
   -0.03884580
   -0.02659225
   -0.03128731
   -0.03301755
    0.01001693
   -0.01307245
   -0.04707256
   -0.06188144
   -0.05319479
   -0.06246409
    0.03185370
    0.04506705
    0.04688099
    0.06544547
    0.03298498
    0.03485151
    0.03003711
    0.03622953
    0.03787456
    0.03019825
    0.02865129
    0.02529913
    0.05022870
