           1           4   1.2454243428184903     
           3           4   1.3017488932677816     
           4           5   1.1697351946029086     
           5           6  0.96934989048282316     
           5           7   1.6472730487431044     
           7           8  0.96966384367480207     
           1           9   1.2397258306769088     
           7           9   1.1707940850952585     
           9          10   1.3147790835931070     
           2          11   1.2531821278464854     
          10          11   1.3119554067259722     
          11          12   1.1623954922865458     
          12          13  0.97006039927438847     
          12          14   1.6600041437124509     
          14          15  0.96956494518789027     
           2          16   1.2465654585298127     
          14          16   1.1614683511991331     
          10          17   1.0041847517180278     
          17          18   1.3383986770833964     
          18          19   1.3643118392510345     
          17          20  0.10052589511742986     
          19          20   1.4384059791462447     
          20          21  0.96822847589662142     
          20          22   1.4419756264364394     
          17          23   1.3381933259022367     
          22          23   1.3622202744173828     
          16          26   1.3121156766989650     
          24          27   1.2463918782607601     
          26          27   1.2984976333100755     
          27          28   1.1706998746083372     
          28          29  0.96930456204120852     
          28          30   1.6455257637183578     
          30          31  0.96979638804430246     
          24          32   1.2439160372387594     
          30          32   1.1725648881144368     
          32          33   1.3086052148283218     
          25          34   1.2477878195106515     
          33          34   1.3147594761106964     
          34          35   1.1651976710342304     
          35          36  0.97011488414376312     
          35          37   1.6561704874549945     
          37          38  0.96930202902505858     
           3          39   1.3084658672176657     
          25          39   1.2452585834780381     
          37          39   1.1629482004145142     
          33          40   1.0054986692295991     
          40          41   1.3380738679557242     
          41          42   1.3673759978825888     
          42          43   1.4385826717458912     
          43          44  0.96792639658533486     
          43          45   1.4408943499108844     
          40          46   1.3399456690961782     
          45          46   1.3637792131769420     
           1          47  0.60404163787607590     
           2          47  0.57764873967106500     
          24          47  0.58581116957404822     
          25          47  0.58158992550101918     
          47          48  0.59397674728466443     
          26          49  0.99723457120094527     
          49          50   1.3475778717556059     
          49          51   1.3387359656977000     
          50          52   1.3697466919317089     
          50          53   1.0635584677867485     
          51          54   1.3645355051853452     
          51          55   1.0764077288302667     
          52          56  0.95766950397805806     
          52          57   1.4385663974378193     
          54          57   1.4441440768704001     
          53          58   1.2154477192019340     
          53          59  0.92206786556676512     
          54          60  0.95569585945332269     
          55          61   1.2051488352258137     
          55          62  0.91846657221804762     
          57          63  0.96802873713940940     
          53          64  0.16660077090791431     
          58          64   1.6592813812979645     
          58          65  0.99077154125947742     
          55          66  0.16003798958322224     
          61          66   1.6576027757944340     
          61          67  0.99949022150358691     
          65          68  0.95799408319312751     
          65          69  0.96562988643511483     
          65          70  0.89283979942649938     
          68          70  0.94544546098221993     
          67          71  0.95588904636350225     
          67          72  0.96425626520239294     
          67          73  0.88647551335115760     
          71          73  0.94300032042096782     
          68          74  0.97308144759208404     
          68          75  0.97443410823618426     
          70          76  0.96375714350122932     
          70          77   1.0063007390749903     
          71          78  0.97387318475043649     
          71          79  0.96751050419740281     
          73          80  0.96335164839568077     
          73          81   1.0130562383614163     
          77          82   1.1468073404984145     
          77          83   1.6949233259959335     
          82          83  0.17036770121238681     
          81          84   1.1324668634149295     
          81          85   1.6987485982784996     
          84          85  0.16692824384478946     
          82          86  0.89953248905514460     
          84          87  0.90425414190668740     
          86          88   1.0023063805824133     
          86          89   1.0073737904085032     
          86          90  0.96104924759488308     
          87          91   1.0068343630408527     
          87          92   1.0028367509214355     
          87          93  0.96164481950633363     
          88          94  0.98565264217187987     
          88          95  0.98452103054908247     
          88          96  0.98162900533913311     
          89          97  0.98422221587560932     
          89          98  0.98113438995857727     
          89          99  0.98328731738541786     
          91         100  0.98474685459360256     
          91         101  0.98341049627567212     
          91         102  0.98190334266753465     
          92         103  0.98510259617422968     
          92         104  0.98199211102202477     
          92         105  0.98454293160485362     
           3         106   1.0012697873363607     
         106         107   1.3433325645956362     
         106         108   1.3391805545726680     
         107         109   1.3712532076551398     
         107         110   1.0649859109687179     
         108         111   1.3651256974009214     
         108         112   1.0753774178044020     
         109         113  0.95813580979476232     
         109         114   1.4373934047211285     
         111         114   1.4438143165925812     
         110         115   1.2110361214434828     
         110         116  0.91979409082048535     
         111         117  0.95682679445486063     
         112         118   1.2046121005292891     
         112         119  0.91926978043215157     
         114         120  0.96811142970106800     
         110         121  0.16606404029233887     
         115         121   1.6633783430612781     
         115         122  0.99024701414077387     
         112         123  0.16063298370995871     
         118         123   1.6582039671763085     
         118         124  0.99958306440091127     
         122         125  0.95511113757866017     
         122         126  0.96045297092533743     
         122         127  0.89815408970870769     
         125         127  0.94274871047964293     
         124         128  0.95773679192822703     
         124         129  0.96508249056942896     
         124         130  0.88247212408646725     
         128         130  0.94532852546614710     
         125         131  0.97343758212782494     
         125         132  0.97455191541508290     
         127         133  0.96419621956745727     
         127         134   1.0064806162365894     
         128         135  0.97341637995936736     
         128         136  0.96708183485650201     
         130         137  0.96409868699123413     
         130         138   1.0119166818718464     
         134         139   1.1505816608557078     
         134         140   1.6858646529356618     
         139         140  0.16892140137404391     
         138         141   1.1342793010284518     
         138         142   1.6988669926957356     
         141         142  0.16740816961819402     
         139         143  0.89983315960647892     
         141         144  0.90345697274234904     
         143         145   1.0071784661630021     
         143         146   1.0034473243824760     
         143         147  0.95980075223646610     
         144         148   1.0024753700226021     
         144         149   1.0073574542839692     
         144         150  0.96143898733720856     
         145         151  0.98437380859518309     
         145         152  0.98334304502671888     
         145         153  0.98122592744244541     
         146         154  0.98489040928077287     
         146         155  0.98144890961448861     
         146         156  0.98426023756864744     
         148         157  0.98525410398450430     
         148         158  0.98477943827600589     
         148         159  0.98208171670208544     
         149         160  0.98424977376740563     
         149         161  0.98163823952055485     
         149         162  0.98342894168019346     
          19         163  0.96395528513867967     
          22         164  0.96428933506781778     
          42         165  0.96411381178944044     
          45         166  0.96447331859020990     
          18         167   1.0353478894457857     
          23         168   1.0356002383410750     
          41         169   1.0323313326704728     
          46         170   1.0348199158736486     
         167         171  0.97282308633628534     
         171         172   1.3925362381933646     
         171         173   1.3970886310253663     
         172         174   1.4385279678289897     
         173         174  0.11124015800903730     
         172         175  0.96535860427395637     
         172         176  0.11162193765775304     
         173         176   1.4402539576610205     
         173         177  0.96799814915725613     
         171         178  0.10399012850195385     
         174         178   1.4384686193330205     
         176         178   1.4384730980505251     
         174         179  0.96901528188006480     
         176         180  0.96911931524850026     
         178         181  0.96924282549018803     
         168         182  0.98497782920494370     
         182         183   1.3880730171809599     
         182         184   1.3895771504938443     
         183         185   1.4435569878887049     
         184         185  0.11060866208436412     
         183         186  0.96820668927207032     
         183         187  0.11087175217782079     
         184         187   1.4424602490856280     
         184         188  0.96777956755852279     
         182         189  0.10231268840251598     
         185         189   1.4362334243724078     
         187         189   1.4379327502284183     
         185         190  0.96937622039829496     
         187         191  0.96911619833151252     
         189         192  0.96942499872330756     
         169         193  0.99815476893533217     
         193         194   1.3826129697482106     
         193         195   1.3765243063865684     
         194         196   1.4418261175474725     
         195         196  0.10965913347486671     
         194         197  0.96743129334312106     
         194         198  0.10882962720522814     
         195         198   1.4484754274138802     
         195         199  0.96740214696039839     
         193         200  0.10011915287224223     
         196         200   1.4377641755702999     
         198         200   1.4317735053625904     
         196         201  0.96958671673497687     
         198         202  0.96790375078829582     
         200         203  0.96966677717345162     
         170         204  0.98873066307224966     
         204         205   1.3864713166774467     
         204         206   1.3860229933634696     
         205         207   1.4434967134229928     
         206         207  0.11046155114071558     
         205         208  0.96804883238903283     
         205         209  0.11033414388127789     
         206         209   1.4438968909087901     
         206         210  0.96775394762490541     
         204         211  0.10155153794001083     
         207         211   1.4363296790021303     
         209         211   1.4369823462510241     
         207         212  0.96930576519601896     
         209         213  0.96918291451655614     
         211         214  0.96940128527365044     
          47         215   1.5613384969943100     
         215         216   1.4159985413927880     
          47         217  0.10798984210115119     
         216         217   1.1733971415891051     
         217         218   1.5146635742979129     
         218         219   1.3802763953002768     
         219         220   1.3994206086559122     
          47         221  0.10526993404295353     
         216         221   1.1555338057420037     
         220         221   1.4705625031994620     
         221         222   1.0092393332131644     
         222         223  0.96530571360850648     
         223         224   1.0093187448561034     
         224         225   1.0051411865679165     
         222         226  0.99060452845958769     
         225         226   1.0004074490346053     
         217         227  0.96580157301660630     
         218         228  0.96211198244997687     
         219         229  0.97004222075343716     
         220         230  0.95577813626748931     
         222         231  0.94999890539919063     
         223         232  0.97483222138940784     
         223         233  0.97671014591829419     
         224         234  0.97626940854008104     
         224         235  0.97066715659666059     
         225         236  0.98354063862964758     
         225         237  0.98020680102084745     
         226         238  0.98035281772501226     
         226         239  0.96569640318823058     
