   -0.20419480
   -0.20946731
   -0.01814381
    0.07319277
   -0.04942816
    0.04386584
   -0.04150143
    0.03929136
    0.07835042
    0.01042608
    0.07915265
   -0.04245235
    0.03523704
   -0.05111269
    0.04206103
    0.07164063
   -0.03155236
    0.14186890
   -0.07364411
   -0.03494292
    0.05475481
   -0.07244240
    0.14237489
   -0.20331255
   -0.20946303
   -0.01883042
    0.07373713
   -0.04922787
    0.04015297
   -0.03776193
    0.04358481
    0.08157965
    0.00823335
    0.07884233
   -0.04288509
    0.03623808
   -0.05253597
    0.04244069
    0.06984081
   -0.02790999
    0.14192778
   -0.06967488
   -0.03475563
    0.05590375
   -0.06966455
    0.14257460
    0.84176118
   -0.56256912
   -0.02747130
    0.07156898
    0.07539112
   -0.05497730
   -0.15974838
   -0.05408690
   -0.16059462
    0.07643275
   -0.03152416
    0.27624190
    0.19198493
    0.07825400
    0.27799247
    0.19798050
    0.05318991
   -0.46061628
   -0.04527429
   -0.46066273
   -0.03799420
   -0.05299639
    0.06744063
   -0.03992666
   -0.04879710
    0.06680276
   -0.04141106
    0.07709256
    0.07207990
    0.07992041
    0.35937521
    0.07324081
    0.08692031
    0.08061154
    0.35842132
   -0.28798950
   -0.45977621
   -0.29475389
   -0.45369888
    0.11852331
    0.12151411
   -0.11571140
   -0.12429334
    0.05231260
   -0.12200306
   -0.11863644
    0.04480294
    0.04641259
    0.05789482
    0.06081539
    0.05651609
    0.06267982
    0.06434583
    0.05533120
    0.06459325
    0.06145769
    0.04928769
    0.06022287
    0.05825905
   -0.02774631
    0.07210111
    0.07546982
   -0.05478782
   -0.16239197
   -0.05401566
   -0.16073563
    0.07643080
   -0.03131136
    0.27633218
    0.19769345
    0.07737925
    0.27775976
    0.19737591
    0.05374696
   -0.45726559
   -0.04014613
   -0.45995066
   -0.03785011
   -0.05054412
    0.05777161
   -0.04191322
   -0.04916534
    0.06436882
   -0.04095776
    0.07838993
    0.07040301
    0.08274325
    0.35798640
    0.07488775
    0.08611880
    0.07987098
    0.35828898
   -0.28860319
   -0.45674660
   -0.29413738
   -0.45352764
    0.11892068
    0.12022080
   -0.12471742
   -0.11948507
    0.05086327
   -0.11724127
   -0.12408157
    0.04833590
    0.05742416
    0.06418121
    0.06346573
    0.05048658
    0.06106240
    0.05905195
    0.04782178
    0.05780379
    0.05925322
    0.05734413
    0.06248126
    0.06416756
    0.04661833
    0.04736376
    0.05338949
    0.04888404
   -0.29356766
   -0.28991298
   -0.28306881
   -0.28725652
    0.13810442
   -0.04758782
   -0.04714069
   -0.03173028
    0.04889790
   -0.03051128
    0.05017852
   -0.03487389
    0.05097904
    0.05155248
    0.05073703
    0.13853188
   -0.04987169
   -0.04686694
   -0.03181880
    0.04267130
   -0.02998944
    0.05129370
   -0.03645430
    0.04811763
    0.05125451
    0.04842753
    0.13873128
   -0.05805569
   -0.04732848
   -0.03210161
    0.05102273
   -0.02758572
    0.04670366
   -0.03807103
    0.04419565
    0.05231350
    0.04483409
    0.13806837
   -0.05100512
   -0.04870119
   -0.03225655
    0.04171979
   -0.03036826
    0.05176803
   -0.03719815
    0.04888739
    0.05024722
    0.04825750
   -0.29660036
    0.11159267
   -0.03484605
   -0.02917919
   -0.03437193
   -0.03585103
    0.00707001
   -0.05845787
   -0.05287454
    0.01031251
   -0.04192273
   -0.03210159
   -0.03706257
   -0.03209048
   -0.04303184
    0.04513887
    0.04787860
    0.04988109
    0.05457329
    0.04716634
    0.05381275
    0.02753012
    0.05795723
    0.04373705
    0.02441266
    0.03475875
    0.03330044
    0.02363115
