           1           4   1.2522908949755072     
           3           4   1.2980070211972121     
           4           5   1.1688145866663815     
           5           6  0.96932772273589796     
           5           7   1.6491936792529489     
           7           8  0.96969557788381278     
           1           9   1.2426746891914082     
           7           9   1.1694107796637574     
           9          10   1.3109307593671471     
           2          11   1.2491819738795837     
          10          11   1.3133194726632640     
          11          12   1.1637415422637809     
          12          13  0.97009048938670750     
          12          14   1.6581054719726704     
          14          15  0.96959345842454125     
           2          16   1.2506590493763232     
          14          16   1.1630584468628340     
          10          17   1.0041393046576437     
          17          18   1.3388617271158751     
          18          19   1.3645601697696841     
          17          20  0.10050491562433693     
          19          20   1.4382391852186684     
          20          21  0.96818578599390470     
          20          22   1.4421443966300183     
          17          23   1.3376167059267425     
          22          23   1.3622046146887716     
          16          26   1.3072496551037875     
          24          27   1.2430664511969627     
          26          27   1.3044464622220067     
          27          28   1.1704956119276437     
          28          29  0.96957360236363288     
          28          30   1.6425451322024334     
          30          31  0.96556159942319753     
          24          32   1.2379283426104517     
          30          32   1.1679516020934246     
          32          33   1.3092280215307970     
          25          34   1.2496682385105764     
          33          34   1.3103744278651286     
          34          35   1.1650640134541663     
          35          36  0.97002646340791066     
          35          37   1.6552730002997649     
          37          38  0.96928710836632470     
           3          39   1.3128955547837429     
          25          39   1.2421275367265856     
          37          39   1.1635799260172104     
          33          40   1.0052709001279787     
          40          41   1.3357843131633971     
          41          42   1.3674316821361010     
          42          43   1.4373715207195636     
          43          44  0.96809271864339630     
          43          45   1.4417434604351413     
          40          46   1.3394111830993984     
          45          46   1.3630258725393252     
           1          47  0.58886462422915331     
           2          47  0.57226432881295308     
          24          47  0.60135791585165710     
          25          47  0.58659982250967158     
          47          48  0.59175995370527446     
          26          49  0.99714235346344671     
          49          50   1.3476028335511632     
          49          51   1.3388687767189795     
          50          52   1.3696486566605781     
          50          53   1.0640371558144082     
          51          54   1.3646993269221828     
          51          55   1.0760688159743925     
          52          56  0.95773345425132173     
          52          57   1.4386631557269332     
          54          57   1.4440409565279886     
          53          58   1.2148024071412884     
          53          59  0.91519111595374369     
          54          60  0.95575931901198441     
          55          61   1.2054117734275840     
          55          62  0.91859443795926243     
          57          63  0.96805643037211009     
          53          64  0.16638094196756081     
          58          64   1.6589281638261537     
          58          65  0.99012378929352385     
          55          66  0.16016353232123898     
          61          66   1.6574769177198354     
          61          67  0.99936076588410661     
          65          68  0.95753321712657957     
          65          69  0.95031039394221029     
          65          70  0.89042041393398030     
          68          70  0.94528245804150923     
          67          71  0.95590882401242583     
          67          72  0.96430527858517223     
          67          73  0.88652602169963990     
          71          73  0.94299906365546582     
          68          74  0.97328488392842571     
          68          75  0.97451839924445582     
          70          76  0.96431069832995719     
          70          77   1.0049474452950617     
          71          78  0.97387537785183065     
          71          79  0.96750939610894771     
          73          80  0.96335989029903346     
          73          81   1.0130860654096621     
          77          82   1.1496465899874901     
          77          83   1.6895240470991730     
          82          83  0.16980896571243917     
          81          84   1.1324993712972142     
          81          85   1.6986489611588840     
          84          85  0.16692175906599924     
          82          86  0.89951033278193204     
          84          87  0.90424860674418051     
          86          88   1.0024150454370380     
          86          89   1.0073184388295997     
          86          90  0.96114972909844043     
          87          91   1.0068331397154526     
          87          92   1.0028347500711352     
          87          93  0.96164678458237851     
          88          94  0.98420564781179132     
          88          95  0.98445670865123802     
          88          96  0.98153092260719244     
          89          97  0.98427494809624849     
          89          98  0.98117074618947531     
          89          99  0.98328553200659607     
          91         100  0.98475152515184938     
          91         101  0.98340849133395236     
          91         102  0.98190245413613331     
          92         103  0.98509817179224535     
          92         104  0.98198791553886133     
          92         105  0.98453970709963612     
           3         106   1.0014488946805529     
         106         107   1.3429875637168733     
         106         108   1.3392989229552947     
         107         109   1.3711276070594511     
         107         110   1.0652360167060042     
         108         111   1.3651169965531964     
         108         112   1.0753536424652570     
         109         113  0.95811626241372638     
         109         114   1.4374819858091628     
         111         114   1.4437412968836347     
         110         115   1.2122963327328826     
         110         116  0.91896192560982193     
         111         117  0.95678148884189140     
         112         118   1.2047364925748076     
         112         119  0.91921439200147037     
         114         120  0.96808973282622623     
         110         121  0.16627672296758264     
         115         121   1.6628019881236005     
         115         122  0.99011690212930370     
         112         123  0.16070096963898545     
         118         123   1.6582008550699829     
         118         124  0.99948524576956477     
         122         125  0.95485800823269262     
         122         126  0.96532615005749267     
         122         127  0.89916199777526462     
         125         127  0.94329628302983604     
         124         128  0.95780162219251963     
         124         129  0.96507352755250309     
         124         130  0.88248528027123796     
         128         130  0.94529717496982291     
         125         131  0.97329631006676764     
         125         132  0.97452028106798094     
         127         133  0.96412819203002387     
         127         134   1.0048958739355267     
         128         135  0.97342708403588907     
         128         136  0.96709644908444015     
         130         137  0.96409170787462817     
         130         138   1.0119619201493006     
         134         139   1.1486720328532440     
         134         140   1.6944936317788470     
         139         140  0.17029302098446428     
         138         141   1.1343663664047714     
         138         142   1.6987118154437910     
         141         142  0.16741145165968252     
         139         143  0.89910851992431939     
         141         144  0.90343434879769302     
         143         145   1.0071720166737363     
         143         146   1.0035044494144929     
         143         147  0.96126624309641406     
         144         148   1.0024682730759458     
         144         149   1.0073624598958855     
         144         150  0.96144267379892867     
         145         151  0.98443680072199502     
         145         152  0.98333868156255477     
         145         153  0.98126823124962914     
         146         154  0.98495304652546400     
         146         155  0.98146131119662816     
         146         156  0.98425467550855195     
         148         157  0.98525064663527795     
         148         158  0.98477328083445925     
         148         159  0.98208143828050554     
         149         160  0.98425476036165604     
         149         161  0.98163454153074736     
         149         162  0.98342640787679447     
          19         163  0.96395933848723014     
          22         164  0.96424814664483960     
          42         165  0.96408135452682076     
          45         166  0.96457187111742926     
          18         167   1.0345174191002318     
          23         168   1.0362209468551880     
          41         169   1.0295825965850298     
          46         170   1.0352813520123676     
         167         171  0.97309237884815925     
         171         172   1.3927155599047478     
         171         173   1.3972481509560031     
         172         174   1.4409566997942616     
         173         174  0.11138175248602065     
         172         175  0.96766988325966552     
         172         176  0.11165473967245805     
         173         176   1.4398815871439912     
         173         177  0.96794623535523172     
         171         178  0.10438170555581858     
         174         178   1.4376501752576984     
         176         178   1.4393663459799055     
         174         179  0.96909698251463006     
         176         180  0.96901793772141642     
         178         181  0.96920027284623567     
         168         182  0.98454027552269940     
         182         183   1.3881700723669697     
         182         184   1.3897033640810885     
         183         185   1.4434937816550428     
         184         185  0.11062993259606815     
         183         186  0.96821070947025845     
         183         187  0.11089139465730855     
         184         187   1.4423978891219320     
         184         188  0.96777297446004751     
         182         189  0.10232097767619960     
         185         189   1.4362680714260283     
         187         189   1.4379622172221658     
         185         190  0.96936308312960262     
         187         191  0.96909543573838275     
         189         192  0.96940393953025950     
         169         193  0.99576225986393163     
         193         194   1.3774024190050957     
         193         195   1.3757960037277579     
         194         196   1.4412256334328768     
         195         196  0.10945561747736887     
         194         197  0.95905967881696985     
         194         198  0.10902641014586471     
         195         198   1.4487320196387794     
         195         199  0.96756081085184498     
         196         200   1.4378396549946022     
         198         200   1.4325572475250268     
         196         201  0.96967101579045112     
         198         202  0.96825184010520360     
         200         203  0.96975337401449957     
         170         204  0.98907840439901606     
         204         205   1.3865991379738947     
         204         206   1.3860095451246757     
         205         207   1.4433923337226895     
         206         207  0.11051296779753975     
         205         208  0.96803741907039809     
         205         209  0.11030391275418444     
         206         209   1.4439797756067085     
         206         210  0.96775203809834043     
         204         211  0.10155592654984116     
         207         211   1.4363988201337252     
         209         211   1.4369524421677318     
         207         212  0.96933144638060120     
         209         213  0.96921130724384597     
         211         214  0.96943223342552065     
          47         215   1.5744603153081260     
         215         216   1.4089412065170166     
          47         217  0.10836938537940360     
         216         217   1.1674138423037286     
         217         218   1.5210155751187358     
         218         219   1.3748353638948114     
         219         220   1.4121446056894338     
          47         221  0.10204523068790926     
         216         221   1.1709083623087686     
         220         221   1.4630657600187627     
         221         222   1.0154401753138391     
         222         223  0.98359089252660659     
         223         224   1.0071851468164514     
         224         225   1.4164614125136434     
         225         226   1.4280690353224641     
         224         227  0.10854703201050571     
         226         227   1.4471325465510589     
         225         228  0.10831583818831704     
         227         228   1.4290929636074359     
         224         229   1.4032169901226104     
         226         229  0.11158495717794331     
         228         229   1.4524817727006434     
         217         230  0.96546718287646771     
         218         231  0.95911262343865433     
         219         232  0.97023390967127354     
         220         233  0.96149909584964388     
         222         234  0.95860358468304285     
         222         235  0.95308411838632168     
         223         236  0.95046194359643554     
         223         237  0.95255761026667152     
         225         238  0.95471682563468541     
         226         239  0.97004669941749888     
         227         240  0.97103593052958759     
         228         241  0.97074772495804140     
         229         242  0.96339174401509020     
