           1           4   1.2534640020044363     
           3           4   1.3040921659701041     
           4           5   1.1604447356023342     
           5           6  0.97003487992762061     
           5           7   1.6582597149922662     
           7           8  0.97038748002214081     
           1           9   1.2451743055097366     
           7           9   1.1620689185997977     
           9          10   1.3192382059214132     
           2          11   1.2487276239608789     
          10          11   1.3025562555625894     
          11          12   1.1738745178725551     
          12          13  0.97055369045902007     
          12          14   1.6403143284997925     
          14          15  0.97023327267246906     
           2          16   1.2490544949332876     
          14          16   1.1724892905472555     
          10          17   1.0069479060776121     
          17          18   1.3383152771913587     
          18          19   1.3652559230928225     
          17          20  0.10143238674374301     
          19          20   1.4364101141061676     
          20          21  0.96860106230373411     
          20          22   1.4418272195739821     
          17          23   1.3371944970408747     
          22          23   1.3614045953185461     
          16          26   1.2968095666059085     
          24          27   1.2457086728809765     
          26          27   1.3102599466313178     
          27          28   1.1650921030594952     
          28          29  0.97024480402991520     
          28          30   1.6526525745201823     
          30          31  0.97041559464160754     
          24          32   1.2397198121200275     
          30          32   1.1656298916903367     
          32          33   1.3195098241357288     
          25          34   1.2390850057319898     
          33          34   1.2885127769901250     
          34          35   1.1775707510456974     
          35          36  0.97035045339865234     
          35          37   1.6291022760415028     
          37          38  0.96992566893984677     
           3          39   1.2999233157314591     
          25          39   1.2361370634765991     
          37          39   1.1784911303298635     
          33          40   1.0079509849304087     
          40          41   1.3424567994438543     
          41          42   1.3702299573059000     
          40          43  0.10116851124779772     
          42          43   1.4354466334596581     
          43          44  0.96839970797463581     
          43          45   1.4414752267546467     
          40          46   1.3358713440397079     
          45          46   1.3639323109992485     
           1          47  0.58260318177492032     
           2          47  0.58367265047160644     
          24          47  0.59085342094342730     
          25          47  0.61733096814590682     
          47          48  0.53191448967449306     
          26          49   1.0005003917049757     
          49          50   1.3458286869907263     
          49          51   1.3358628033401507     
          50          52   1.3667822174776825     
          50          53   1.0680009158884087     
          51          54   1.3612141562518152     
          51          55   1.0827237879870679     
          52          56  0.95776736443699928     
          52          57   1.4383482449053597     
          54          57   1.4443909814820763     
          53          58   1.2161826627439132     
          53          59  0.92203856736134737     
          54          60  0.95581156244818821     
          55          61   1.2022808647512040     
          55          62  0.91787550138575236     
          57          63  0.96825359977867331     
          53          64  0.16664497870695358     
          58          64   1.6515704732379688     
          58          65  0.99412835878977468     
          55          66  0.15960631014529786     
          61          66   1.6520409770349744     
          61          67   1.0041394301049935     
          65          68  0.95940387145235562     
          65          69  0.96158482247517452     
          65          70  0.89041583717515904     
          68          70  0.94155825482513023     
          67          71  0.95571951126262333     
          67          72  0.96346669362856252     
          67          73  0.88394202051057413     
          71          73  0.94060823352939282     
          68          74  0.97282190277286673     
          68          75  0.97293760300400345     
          70          76  0.96303654712747166     
          70          77   1.0132442344384729     
          71          78  0.97350311631440889     
          71          79  0.96651778002885358     
          73          80  0.96265792118414928     
          73          81   1.0177112465338984     
          77          82   1.1399062002851530     
          77          83   1.6945629822757919     
          82          83  0.16919795486997943     
          81          84   1.1267650316187592     
          81          85   1.6986892144735852     
          84          85  0.16591644517444562     
          82          86  0.89852300064915180     
          84          87  0.90351347285503703     
          86          88   1.0047435881945308     
          86          89   1.0081446323422945     
          86          90  0.95980139653197150     
          87          91   1.0079715628498265     
          87          92   1.0042205407357114     
          87          93  0.96087060654957201     
          88          94  0.98508686283473135     
          88          95  0.98406443422661438     
          88          96  0.98122107010184345     
          89          97  0.98416098252556439     
          89          98  0.98093232694759780     
          89          99  0.98305048148912222     
          91         100  0.98453551225648916     
          91         101  0.98303527518903400     
          91         102  0.98168345760664433     
          92         103  0.98483957713373438     
          92         104  0.98163019770430804     
          92         105  0.98422479363220372     
           3         106   1.0047240118746232     
         106         107   1.3413594019773809     
         106         108   1.3358203449953663     
         107         109   1.3686966033115449     
         107         110   1.0709970463508010     
         108         111   1.3616599357699237     
         108         112   1.0818002140297582     
         109         113  0.95837220249874011     
         109         114   1.4367899454919217     
         111         114   1.4442985084758495     
         110         115   1.2111640948447453     
         110         116  0.91696618816949571     
         111         117  0.95715972521686010     
         112         118   1.2023909743093677     
         112         119  0.91821572669366169     
         114         120  0.96852822409748807     
         110         121  0.16693240794796868     
         115         121   1.6526696707647466     
         115         122  0.99228346818235102     
         112         123  0.16011310684313559     
         118         123   1.6524582653028406     
         118         124   1.0043023845267558     
         122         125  0.94914167804035465     
         122         126  0.91499488485978853     
         122         127  0.89323034042135097     
         125         127  0.93388623530916159     
         124         128  0.95782727121972999     
         124         129  0.96428958844225643     
         124         130  0.87933288972754031     
         128         130  0.94307949394149904     
         125         131  0.97259386372216872     
         125         132  0.97184762146170445     
         127         133  0.95805187696271488     
         127         134   1.0209711456557571     
         128         135  0.97303852755801956     
         128         136  0.96615846102941771     
         130         137  0.96335092650744947     
         130         138   1.0168324591056754     
         134         139   1.1168426417635020     
         134         140   1.2572415206279024     
         138         141   1.1280972581513167     
         138         142   1.6990203074174910     
         141         142  0.16637367247402465     
         139         143  0.89228606000361232     
         141         144  0.90271527426337628     
         143         145   1.0090816377791976     
         143         146   1.0021080307200190     
         143         147  0.81576771378595903     
         144         148   1.0045440317095560     
         144         149   1.0081545903014968     
         144         150  0.96043870055353719     
         145         151  0.98358323750873133     
         145         152  0.98034310279410519     
         145         153  0.97980996394963960     
         146         154  0.97160127607348357     
         146         155  0.97904623207293229     
         146         156  0.98166957718976422     
         148         157  0.98490925522218631     
         148         158  0.98428867928677277     
         148         159  0.98168008842851984     
         149         160  0.98414574264503218     
         149         161  0.98145537995668641     
         149         162  0.98309346412762755     
          19         163  0.96419659392060875     
          22         164  0.96452812768780360     
          42         165  0.96427998959280758     
          45         166  0.96489466086986864     
          18         167   1.0315329494728231     
          23         168   1.0347167897376568     
          41         169   1.0156434200098241     
          46         170   1.0348677455470516     
         167         171  0.97784290878026070     
         171         172   1.3921414457523336     
         171         173   1.3944737641736831     
         172         174   1.4422561485969860     
         173         174  0.11132822021249406     
         172         175  0.96793237155525835     
         172         176  0.11176990977431071     
         173         176   1.4406930226915398     
         173         177  0.96822139836827714     
         171         178  0.10426784309586370     
         174         178   1.4370292236963826     
         176         178   1.4383604580657090     
         174         179  0.96900740892254578     
         176         180  0.96914955941643999     
         178         181  0.96937663965078913     
         168         182  0.98849813376154372     
         182         183   1.3840710262564586     
         182         184   1.3892983278279916     
         183         185   1.4457241610369878     
         184         185  0.11013809356048611     
         183         186  0.96831682334197633     
         183         187  0.11073710936434324     
         184         187   1.4411730339051307     
         184         188  0.96771844058621947     
         182         189  0.10226750265050581     
         185         189   1.4336995781056858     
         187         189   1.4386036015681598     
         185         190  0.96934582337013209     
         187         191  0.96903234293251694     
         189         192  0.96955327255908119     
         169         193  0.98804090101513375     
         193         194   1.4082646823872640     
         193         195   1.2665157898922188     
         194         196   1.4020004212175436     
         195         196  0.10277935090977246     
         194         197  0.96712622398722836     
         195         198   1.4144271574094771     
         195         199  0.86295437753544979     
         193         200  0.10062247110800430     
         196         200   1.4542705396121849     
         198         200   1.3947218609919685     
         196         201  0.97000064052217494     
         198         202  0.82955913391834613     
         200         203  0.96971381554761704     
         170         204  0.99243752251051154     
         204         205   1.3823762605746699     
         204         206   1.3862552960675625     
         205         207   1.4455571087804129     
         206         207  0.10999690927933337     
         205         208  0.96799410092640870     
         205         209  0.11025934295506978     
         206         209   1.4425610436188840     
         206         210  0.96779981321303121     
         204         211  0.10153304730174766     
         207         211   1.4340073024817135     
         209         211   1.4376185228319585     
         207         212  0.96920889214041095     
         209         213  0.96919112965220011     
         211         214  0.96955529521691231     
          47         215   1.4824527861117234     
         215         216   1.2265073759376790     
         216         217   1.2900321690292049     
         217         218   1.4672519323182429     
         218         219   1.4071822922221837     
         219         220   1.4257711033136922     
         216         221   1.2529450825399422     
         220         221   1.4285433075323373     
         221         222   1.0225054426043119     
         222         223  0.94023803808367579     
         223         224   1.0168341920913111     
         140         225  0.69659967497752850     
         224         225   1.0206968571878250     
         140         226  0.38158457332295531     
         225         226  0.93298028734241012     
         147         227  0.12297836509872428     
         226         227   1.2403087506098001     
         227         228   1.3937339130236204     
         224         229   1.5343565284762257     
         228         229   1.2971334008065432     
         217         230  0.97044668576808946     
         218         231  0.96687265358644059     
         219         232  0.97051171293814154     
         220         233  0.96036618889965164     
         222         234  0.73976725475562810     
         222         235  0.93055421819457684     
         223         236  0.96231033235859220     
         223         237  0.91788344421389867     
         225         238  0.89534910262880574     
         226         239  0.92853190680108577     
         227         240  0.94661810786724188     
         228         241  0.97109103219800685     
         229         242  0.97035106096594059     
