   -0.20819941
   -0.21189921
   -0.01927070
    0.07210799
   -0.04860712
    0.04488995
   -0.04135647
    0.04023428
    0.07902770
    0.00948927
    0.08186895
   -0.03978071
    0.03482313
   -0.04517553
    0.04186772
    0.07451935
   -0.03155945
    0.14267588
   -0.07290613
   -0.03452490
    0.05524798
   -0.07229456
    0.14250329
   -0.20004879
   -0.21158202
   -0.01501646
    0.07247245
   -0.05034267
    0.04444985
   -0.04171304
    0.04062616
    0.07947952
    0.01042590
    0.07949938
   -0.04249322
    0.03609159
   -0.05272299
    0.04357865
    0.06916816
   -0.02919565
    0.14016609
   -0.06960158
   -0.03505236
    0.05755560
   -0.07020529
    0.14221240
    0.85193307
   -0.55680836
   -0.02775221
    0.07268410
    0.07525563
   -0.05477454
   -0.15798066
   -0.05442282
   -0.16057123
    0.07668552
   -0.03131321
    0.27759424
    0.19238897
    0.07852532
    0.27789562
    0.19754955
    0.05350363
   -0.45921087
   -0.03662973
   -0.46048153
   -0.03794723
   -0.04683414
    0.05622747
   -0.04315437
   -0.04885446
    0.06646751
   -0.04140677
    0.07695998
    0.07585034
    0.08174383
    0.35802733
    0.07327619
    0.08691137
    0.08062817
    0.35845298
   -0.29087047
   -0.45726128
   -0.29467413
   -0.45384737
    0.11818939
    0.12154507
   -0.11779993
   -0.12425461
    0.05251444
   -0.12200448
   -0.11863464
    0.04485104
    0.04606034
    0.05983557
    0.06113563
    0.05684375
    0.06260181
    0.06409725
    0.05531953
    0.06457870
    0.06148672
    0.04929513
    0.06027368
    0.05826009
   -0.02797551
    0.07171842
    0.07552911
   -0.05480550
   -0.16059040
   -0.05380621
   -0.16085261
    0.07668753
   -0.03114748
    0.27619328
    0.19485992
    0.07730315
    0.27778094
    0.19744043
    0.05376531
   -0.45669955
   -0.04023929
   -0.45964389
   -0.03785735
   -0.05071848
    0.05854363
   -0.04199068
   -0.04919516
    0.06413029
   -0.04094244
    0.07818499
    0.07068040
    0.08301662
    0.35788828
    0.07505335
    0.08618704
    0.07993373
    0.35828639
   -0.28813978
   -0.45794666
   -0.29402919
   -0.45357328
    0.11969210
    0.12021998
   -0.12511722
   -0.11983306
    0.04975841
   -0.11725827
   -0.12410669
    0.04835269
    0.05769558
    0.06422889
    0.06361482
    0.05078670
    0.06118530
    0.05897477
    0.04777452
    0.05782407
    0.05927713
    0.05739756
    0.06248088
    0.06419594
    0.04595665
    0.04811162
    0.05337167
    0.05037073
   -0.29672315
   -0.28907403
   -0.28604013
   -0.28751229
    0.13279631
   -0.05071615
   -0.04529579
   -0.03366113
    0.04925412
   -0.02907693
    0.04539050
   -0.03598546
    0.05345306
    0.05402808
    0.05326706
    0.13835350
   -0.04977900
   -0.04698390
   -0.03169445
    0.04259236
   -0.03003433
    0.05161908
   -0.03638830
    0.04803519
    0.05135103
    0.04843046
    0.13608123
   -0.05487200
   -0.04645683
   -0.03162812
    0.04045132
   -0.02704775
    0.04708011
   -0.03848561
    0.04594933
    0.05410808
    0.04687435
    0.13800867
   -0.05098549
   -0.04868566
   -0.03218092
    0.04178535
   -0.03035222
    0.05164705
   -0.03715141
    0.04922345
    0.05061200
    0.04865062
   -0.29757633
    0.11365096
   -0.03990413
   -0.02621090
   -0.03123331
   -0.03665999
    0.00816016
   -0.05152540
   -0.06135851
    0.04174400
   -0.05368844
    0.05442288
   -0.24786422
    0.17686838
   -0.17902424
   -0.05261394
    0.03386868
    0.04802718
    0.05001670
    0.05758004
    0.04527012
    0.05643352
    0.05445269
    0.06044588
    0.06386847
    0.06506091
    0.06818050
