           1           4   1.2432917606920035     
           3           4   1.3032839873111535     
           4           5   1.1705327285046938     
           5           6  0.96921511869514143     
           5           7   1.6470487389198560     
           7           8  0.96958586618574516     
           1           9   1.2364558009597251     
           7           9   1.1704681197213733     
           9          10   1.3157974719749932     
           2          11   1.2489915542000980     
          10          11   1.3102067724890092     
          11          12   1.1625599823170349     
          12          13  0.97010845163167536     
          12          14   1.6599086097484845     
          14          15  0.96961677486960773     
           2          16   1.2447755399519915     
          14          16   1.1620010848931497     
          10          17   1.0038706055545279     
          17          18   1.3394377212662196     
          18          19   1.3650192780293291     
          17          20  0.10047754918367212     
          19          20   1.4382939402992667     
          20          21  0.96812146449266268     
          20          22   1.4421324858638680     
          17          23   1.3372544440347580     
          22          23   1.3624750558002461     
          16          26   1.3133268195157926     
          24          27   1.2456601654521886     
          26          27   1.2990772350600275     
          27          28   1.1692039797276796     
          28          29  0.96919525790365735     
          28          30   1.6474732158894407     
          30          31  0.96970640244664907     
          24          32   1.2453884818891017     
          30          32   1.1716458674813888     
          32          33   1.3088595473570235     
          25          34   1.2469845917546334     
          33          34   1.3152211944873986     
          34          35   1.1660517113166724     
          35          36  0.97003894103420152     
          35          37   1.6551158287037753     
          37          38  0.96917636708263000     
           3          39   1.3070921368070898     
          25          39   1.2446782666310994     
          37          39   1.1638005824208504     
          33          40   1.0055570526185686     
          40          41   1.3380265333120440     
          41          42   1.3675031492921152     
          42          43   1.4385818256387106     
          43          44  0.96788160052301109     
          43          45   1.4409475559862035     
          40          46   1.3396758359054810     
          45          46   1.3637917842222134     
           1          47  0.60856218658066985     
           2          47  0.57283734095297112     
          24          47  0.57963142584807292     
          25          47  0.58372689419856727     
          47          48  0.59940223492401146     
          26          49  0.99724811081493780     
          49          50   1.3465248048106750     
          49          51   1.3390880870766901     
          50          52   1.3685750519990201     
          50          53   1.0661374396683647     
          51          54   1.3649495142872834     
          51          55   1.0753449276766416     
          52          56  0.95758341555706894     
          52          57   1.4394535734929854     
          54          57   1.4434397069655511     
          53          58   1.2124262687970866     
          53          59  0.92147416878440602     
          54          60  0.95568121255147442     
          55          61   1.2055413222860953     
          55          62  0.91880134413326886     
          57          63  0.96802002142958454     
          53          64  0.16461027989979565     
          58          64   1.6595548821288704     
          58          65  0.99278259074987363     
          55          66  0.16041562303377285     
          61          66   1.6575981734781842     
          61          67  0.99910610584057591     
          65          68  0.95855607268598619     
          65          69  0.96448286052539600     
          65          70  0.89004557125799011     
          68          70  0.94386872674398326     
          67          71  0.95600570723449985     
          67          72  0.96433136845606038     
          67          73  0.88663380884844900     
          71          73  0.94296668071768308     
          68          74  0.97335438061336044     
          68          75  0.97384064601754428     
          70          76  0.96389088172362680     
          70          77   1.0084794365404517     
          71          78  0.97387552522672627     
          71          79  0.96750550307256777     
          73          80  0.96336379033509767     
          73          81   1.0131198842624338     
          77          82   1.1439058874421419     
          77          83   1.6947055725023485     
          82          83  0.16943718182544532     
          81          84   1.1328421072404493     
          81          85   1.6982372314283036     
          84          85  0.16694636903274213     
          82          86  0.90020251147666042     
          84          87  0.90417527206626314     
          86          88   1.0022676059347644     
          86          89   1.0073304401380363     
          86          90  0.96105378002874453     
          87          91   1.0068501692419933     
          87          92   1.0028255441899590     
          87          93  0.96163872533292538     
          88          94  0.98572877432874662     
          88          95  0.98457195006914799     
          88          96  0.98176546776130980     
          89          97  0.98422946808017964     
          89          98  0.98124273806860618     
          89          99  0.98333436331675184     
          91         100  0.98474611765030429     
          91         101  0.98340585763328714     
          91         102  0.98188873397019560     
          92         103  0.98509823810827535     
          92         104  0.98198030508310785     
          92         105  0.98453980032963040     
           3         106   1.0012394640945537     
         106         107   1.3433398395054184     
         106         108   1.3389406204796175     
         107         109   1.3714671695898213     
         107         110   1.0647714016642265     
         108         111   1.3651266251935432     
         108         112   1.0756159478789211     
         109         113  0.95809226628026523     
         109         114   1.4372910817007118     
         111         114   1.4439048303689934     
         110         115   1.2115555096517017     
         110         116  0.91918558546116835     
         111         117  0.95677749620313546     
         112         118   1.2040798759701670     
         112         119  0.91919797283634175     
         114         120  0.96808817105819045     
         110         121  0.16644757257907619     
         115         121   1.6640722981384350     
         115         122  0.98959847294505099     
         112         123  0.16051959747907418     
         118         123   1.6588031141743813     
         118         124  0.99965372207759762     
         122         125  0.95552801669733678     
         122         126  0.96382987423048383     
         122         127  0.89834799858437997     
         125         127  0.94269379082294702     
         124         128  0.95753084027316160     
         124         129  0.96509460278509429     
         124         130  0.88243779619061791     
         128         130  0.94559486018025030     
         125         131  0.97330064735504829     
         125         132  0.97446739306399766     
         127         133  0.96405560693639902     
         127         134   1.0062407816325902     
         128         135  0.97340178785482101     
         128         136  0.96707651493897995     
         130         137  0.96408618630147147     
         130         138   1.0117675225736682     
         134         139   1.1498317482239846     
         134         140   1.6907615195817494     
         139         140  0.17007565043996467     
         138         141   1.1345745656813282     
         138         142   1.6986943179422334     
         141         142  0.16747606628679190     
         139         143  0.89925650531626045     
         141         144  0.90341276159774997     
         143         145   1.0072226214375444     
         143         146   1.0035713260854173     
         143         147  0.96121123582990020     
         144         148   1.0024687071022027     
         144         149   1.0073715292871079     
         144         150  0.96144383588618731     
         145         151  0.98436737275137975     
         145         152  0.98331086692017688     
         145         153  0.98118030763585207     
         146         154  0.98487026932932675     
         146         155  0.98135546829142450     
         146         156  0.98423915357829217     
         148         157  0.98525387324454572     
         148         158  0.98476872209157618     
         148         159  0.98207237974895356     
         149         160  0.98424468557237077     
         149         161  0.98162448836934768     
         149         162  0.98341924139687653     
          19         163  0.96401927868883963     
          22         164  0.96416940819915997     
          42         165  0.96406551457178846     
          45         166  0.96441513703851267     
          18         167   1.0313251778717105     
          23         168   1.0368209357237643     
          41         169   1.0321333914683812     
          46         170   1.0352192232054092     
         167         171  0.97218290950465025     
         171         172   1.3941848846167102     
         171         173   1.3975263953291091     
         172         174   1.4413161921980611     
         173         174  0.11132580410951144     
         172         175  0.96784655953700693     
         172         176  0.11203126721529588     
         173         176   1.4387107859325754     
         173         177  0.96714350131574944     
         171         178  0.10403568951631029     
         174         178   1.4377774014319182     
         176         178   1.4393556190885326     
         174         179  0.96877091076205901     
         176         180  0.96873170560039945     
         178         181  0.96888553159081747     
         168         182  0.98438158678321863     
         182         183   1.3882924349257177     
         182         184   1.3898027480207729     
         183         185   1.4435127157753473     
         184         185  0.11062700485323428     
         183         186  0.96822044609869118     
         183         187  0.11092003625342281     
         184         187   1.4423333399075240     
         184         188  0.96773039004266281     
         182         189  0.10234148209557023     
         185         189   1.4362570474248060     
         187         189   1.4380181188549517     
         185         190  0.96937331589866427     
         187         191  0.96908740536487392     
         189         192  0.96940683004742678     
         169         193  0.99793097491199556     
         193         194   1.3827233319569061     
         193         195   1.3767791883449549     
         194         196   1.4419272535469523     
         195         196  0.10970871207595169     
         194         197  0.96742164584847068     
         194         198  0.10878755991667270     
         195         198   1.4472933327784971     
         195         199  0.96721245387733534     
         196         200   1.4370981419257756     
         198         200   1.4326988172752606     
         196         201  0.96955316305465955     
         198         202  0.96777414646214532     
         200         203  0.96961581272119846     
         170         204  0.98842107757143438     
         204         205   1.3865679187438278     
         204         206   1.3861599336967736     
         205         207   1.4434466420864804     
         206         207  0.11048037780898864     
         205         208  0.96802990455776738     
         205         209  0.11034582453596954     
         206         209   1.4438673986605284     
         206         210  0.96774980388815202     
         204         211  0.10157607554613997     
         207         211   1.4363700514727060     
         209         211   1.4369987467843961     
         207         212  0.96929340159668409     
         209         213  0.96917838321058214     
         211         214  0.96939387613933192     
          47         215   1.5594438906642318     
         215         216   1.4074896081681334     
          47         217  0.10693926702973673     
         216         217   1.1773247285706354     
         217         218   1.5134648192164299     
         218         219   1.3820852217036024     
         219         220   1.4010140117716889     
          47         221  0.10351167598262391     
         216         221   1.1621102216580395     
         220         221   1.4712488119178659     
         221         222   1.0193410553521656     
         222         223  0.95248935584276762     
         223         224   1.0179376056623917     
         224         225   1.3987356341716346     
         225         226   1.4438968774578749     
         226         227   1.4075861306860833     
         227         228   1.4214584828747887     
         228         229  0.95793678913447577     
         224         230   1.4031049505002220     
         226         230  0.10913647458699911     
         228         230   1.3991937929109928     
         217         231  0.96448135897349474     
         218         232  0.96084769477927734     
         219         233  0.96980737996570332     
         220         234  0.96003673214476970     
         222         235  0.96542280678331982     
         222         236  0.97415011666923379     
         223         237  0.96999565978596292     
         223         238  0.97097309295894185     
         225         239  0.96596460055924160     
         226         240  0.96080396745255636     
         230         241  0.95136570466682224     
