   -0.25344184
   -0.14173681
    0.10691264
    0.07485819
   -0.13740853
    0.07586749
   -0.02764150
    0.04699297
    0.18534935
   -0.09269075
    0.14104120
   -0.10571399
    0.05867093
   -0.07231643
    0.02837959
    0.04756954
   -0.02063518
    0.13082510
   -0.06426238
   -0.02062149
    0.01988533
   -0.10884226
    0.14969564
   -0.30650518
    0.02116152
   -0.03588891
    0.08673184
   -0.11140598
    0.07318586
   -0.10447642
    0.08481603
    0.24099878
   -0.20085134
    0.33998292
   -0.04234061
    0.01191127
   -0.17261335
    0.10492637
   -0.31793749
    0.02445477
    0.10977974
   -0.10229917
   -0.03468933
    0.02872995
   -0.06213200
    0.13488273
    0.56537745
   -0.48271608
   -0.04151967
    0.07668547
    0.08154451
   -0.05419542
   -0.16421645
   -0.05164935
   -0.15495339
    0.07404601
   -0.04325334
    0.27502824
    0.19310696
    0.07628109
    0.27170979
    0.19996366
    0.06795574
   -0.46279769
   -0.03834819
   -0.47193939
   -0.03455935
   -0.04702842
    0.06071426
   -0.03893968
   -0.04882376
    0.07010444
   -0.04028646
    0.07758922
    0.07018476
    0.08301940
    0.35168528
    0.07550173
    0.09103454
    0.08372594
    0.35682373
   -0.28545448
   -0.46915297
   -0.30388283
   -0.44217849
    0.11931138
    0.12214865
   -0.11488220
   -0.12137697
    0.05400668
   -0.11838815
   -0.11597734
    0.04454727
    0.04700951
    0.05799296
    0.06020842
    0.05640767
    0.06271498
    0.06342275
    0.05322994
    0.06278397
    0.05916130
    0.04830922
    0.05828831
    0.05667683
   -0.06142383
    0.09943897
    0.07794822
   -0.07261276
   -0.14426435
   -0.04260144
   -0.17860641
    0.06740223
   -0.04023953
    0.26224892
    0.21018383
    0.06840467
    0.28622401
    0.20829165
    0.06612087
   -0.32513567
   -0.04564953
   -0.49541272
   -0.04240520
    0.13510138
    0.07698327
    0.01868570
   -0.05006129
    0.05605075
   -0.04121658
   -0.09077704
   -0.15193278
    0.04487728
    0.10809266
    0.06992310
    0.09157336
    0.07548686
    0.36581062
   -0.25203368
   -0.07001505
   -0.30516783
   -0.43513683
    0.06245170
    0.11777873
   -0.12652924
   -0.12623072
    0.12388774
   -0.11437084
   -0.12026313
    0.05144194
    0.06053863
    0.06337604
    0.06534769
    0.04284975
    0.06295423
    0.06562471
    0.04896811
    0.05866663
    0.05728150
    0.05660268
    0.06014191
    0.06390112
    0.04129215
    0.06180152
    0.05885581
    0.04174856
   -0.30632315
   -0.17551787
   -0.18159476
   -0.31852874
    0.14741032
   -0.06236368
   -0.05870907
   -0.03447835
    0.03246788
   -0.03550410
    0.03230334
   -0.02191496
    0.05266833
    0.05181129
    0.01991951
    0.13936606
   -0.04480148
   -0.05643017
   -0.03857217
    0.04185365
   -0.01575862
    0.05972980
   -0.02864815
    0.05994211
    0.04681304
    0.04571954
    0.14053163
   -0.06549585
   -0.13340987
   -0.03853234
    0.01957105
   -0.11214316
    0.13231648
   -0.02299180
    0.04934680
    0.12949634
    0.01319304
    0.14099695
   -0.04974840
   -0.04866028
   -0.03057783
    0.04738447
   -0.03327518
    0.04816459
   -0.04056487
    0.04499325
    0.04626031
    0.05022377
   -0.38748548
    0.10106228
   -0.05977924
   -0.04016490
   -0.05093774
   -0.05855823
   -0.02416122
   -0.15946509
   -0.06797939
   -0.00052745
    0.09053207
    0.07911252
   -0.04656144
   -0.03947749
   -0.03127120
    0.00117643
    0.00856251
    0.02117886
    0.02019338
    0.21869985
    0.03354296
    0.04773604
    0.06351387
    0.13476195
    0.11056090
    0.09004000
    0.06006908
    0.05247363
