   -0.20924051
   -0.22732134
   -0.01311483
    0.03855355
   -0.03125652
    0.07280241
   -0.01151999
    0.06437815
    0.10951275
    0.03225374
    0.11900400
   -0.03937808
    0.07634673
   -0.02596447
    0.06909245
    0.05489552
   -0.01144280
    0.09870675
   -0.04227376
   -0.02957537
    0.04719976
   -0.04808216
    0.14501999
   -0.18670217
   -0.29692565
   -0.00448484
    0.03876734
   -0.03248601
    0.06915891
   -0.03859662
    0.07781762
    0.10662306
    0.05034283
    0.17740527
    0.00666093
    0.06329596
   -0.05227040
    0.06181702
   -0.00821359
   -0.00913557
    0.13368050
   -0.04799641
   -0.03231499
    0.04794336
   -0.04141049
    0.10606504
    0.42801833
   -0.16924447
   -0.00903152
    0.07345397
    0.07815799
   -0.03293164
   -0.33021066
   -0.03274485
   -0.32018344
    0.11479642
   -0.03547318
    0.28156586
    0.16869761
    0.11876632
    0.27546990
    0.17945262
    0.05950383
   -0.51354468
   -0.03078059
   -0.50828933
   -0.02802721
   -0.04478656
    0.07047130
   -0.03854749
   -0.04772303
    0.09146427
   -0.03674769
    0.07447612
    0.06522288
    0.09864632
    0.35598332
    0.08201947
    0.12097445
    0.10307874
    0.36679020
   -0.41040747
   -0.53052660
   -0.40618796
   -0.52701294
    0.07406232
    0.07788174
   -0.07224758
   -0.07349291
    0.08046255
   -0.07243335
   -0.07395370
    0.07882052
    0.07081934
    0.06221218
    0.04006160
    0.06356025
    0.03985971
    0.06157475
    0.06501679
    0.06325310
    0.03960533
    0.07927243
    0.04346656
    0.06288612
   -0.01011247
    0.09103898
    0.07385849
   -0.03524489
   -0.32925854
   -0.03088804
   -0.35592833
    0.11305706
   -0.03453367
    0.30440817
    0.15688567
    0.11460752
    0.29066633
    0.20267504
    0.05848669
   -0.53791942
   -0.02378943
   -0.51014498
   -0.02719117
   -0.02573690
    0.03941588
   -0.01527566
   -0.04888845
    0.09046672
   -0.03507369
    0.06126482
    0.04337229
    0.09118174
    0.22538426
    0.08047922
    0.12143715
    0.10044469
    0.37934833
   -0.40110300
   -0.29796454
   -0.41044680
   -0.53601736
    0.06779405
    0.07264873
   -0.07279912
   -0.07137676
    0.06202852
   -0.07283975
   -0.07323451
    0.08018544
    0.06175281
    0.06024401
    0.03743772
    0.05864145
    0.03530517
    0.05963757
    0.08221330
    0.06433901
    0.04309715
    0.06578728
    0.04174135
    0.06327798
    0.05938717
    0.06830094
    0.06537742
    0.06073218
   -0.37448065
   -0.39185778
   -0.41823437
   -0.36737393
    0.12748925
   -0.04079058
   -0.03896433
   -0.03605330
    0.07143770
   -0.03667915
    0.07074457
   -0.02979990
    0.04993626
    0.05164472
    0.04517843
    0.12466510
   -0.03415173
   -0.03995383
   -0.03491800
    0.06904938
   -0.02872799
    0.08006159
   -0.03094078
    0.05047994
    0.05282206
    0.04585288
    0.11537923
   -0.04202617
   -0.05099973
   -0.03759959
    0.06309476
   -0.03807653
    0.04284792
   -0.03172103
    0.04978367
    0.04608934
    0.04414625
    0.11420153
   -0.03918659
   -0.03560484
   -0.03311034
    0.06659393
   -0.03330986
    0.07874059
   -0.03501159
    0.04942934
    0.05265129
    0.04855231
   -0.27731538
    0.10692695
   -0.03021801
   -0.02492329
   -0.02674148
   -0.02851730
    0.00298718
   -0.05185974
   -0.04943374
   -0.00113514
    0.04038605
    0.02830392
   -0.02887630
   -0.02814215
   -0.02466132
    0.09290083
    0.05980933
    0.08497067
    0.05717923
    0.11660234
    0.13200722
    0.07282424
    0.04169502
    0.03984350
    0.03673785
    0.03192176
    0.04695832
    0.06289579
