           1           4  0.35188243644947570     
           3           4   3.0463600918267204     
           1           5  0.12072515564850612     
           4           5  0.24015146126491446     
           5           6  0.94883005045043123     
           5           7   1.5155727104957093     
           7           8  0.83891821091127361     
           1           9   1.8366382542062274     
           7           9   1.3273117490028936     
           5          10  0.10594803789734836     
           9          10  0.61654228322885229     
           2          11   1.7542558069535905     
          10          11   1.0352575528637509     
          10          12  0.13347662573597516     
          11          12   1.0262779437227556     
          12          13  0.98113159470408406     
          12          14   1.4535209915420086     
          14          15  0.96939781187200480     
           2          16  0.89373743593003174     
          10          16  0.11431303554941419     
          14          16   1.3828908833482421     
          10          17   1.1182642096766966     
          17          18   1.2007411837041793     
          18          19   1.5238857519535629     
          19          20   1.2907428106641743     
          20          21  0.95257079085316787     
          18          22  0.10752061452444753     
          20          22   1.6457731985390185     
          17          23   1.3846724122901735     
          22          23   1.0647329233028238     
          16          26   1.3008595973581885     
          24          27  0.62333283298102171     
          26          27   1.3970849756512269     
          24          28  0.11939804535008453     
          27          28   1.4216153772036695     
          28          29  0.94524838797036981     
          24          30  0.23156211505159155     
          28          30  0.47440130938523811     
          30          31  0.95460850730307167     
          24          32   1.4306574155279903     
          27          32  0.23440232574394851     
          28          32  0.29769706950701025     
          30          32   1.7922903762282960     
          30          33  0.20335655510711362     
          25          34   2.5060854324672115     
          25          35  0.22817458280893441     
          33          35  0.26243142172374356     
          34          35  0.99946957777928258     
          35          37   1.3353559836393163     
          36          37  0.77237940511108516     
          37          38  0.60660214089840025     
           3          39  0.49249618825008290     
           4          39  0.11244145026860848     
           5          39  0.27633136462158553     
          25          39  0.11446468418695013     
          34          39  0.29914648867228705     
          35          39  0.41247304858687767     
          37          39  0.26099699043712282     
          38          39  0.19571985569522066     
          33          40   1.4094703582463457     
          40          41   1.0926764368895676     
          41          42   1.3091881910576879     
          42          43   1.4156247565980156     
          43          44  0.96204631217817949     
          43          45   1.4547856613808245     
          40          46   1.2669248454635289     
          45          46   1.3508456889753990     
           1          47  0.56849817429976790     
           2          47  0.50080063615390147     
           5          47  0.11794273976216733     
          24          47  0.52572901492671975     
          25          47  0.22067347760826289     
          47          48  0.71203295104963249     
          26          49  0.90192896512299181     
          49          50   1.3598394948833858     
          49          51   1.3153379383769799     
          50          52   1.3987623828555376     
          50          53   1.0477230641571806     
          51          54   1.4055607997806154     
          51          55   1.0826531742478434     
          52          56  0.95592342715860446     
          49          57  0.12345478322025161     
          52          57   1.4201479904990402     
          54          57   1.4223689286931283     
          53          58   1.2216843669032453     
          53          59  0.92416611260432280     
          54          60  0.95165860795565016     
          55          61   1.2040804093299964     
          55          62  0.91722130712067584     
          57          63  0.97292731269088728     
          53          64  0.16940293996621675     
          58          64   1.6520949763228574     
          58          65  0.99343190623938782     
          55          66  0.15763872579457228     
          61          66   1.6382313464081433     
          61          67   1.0156637692853188     
          65          68  0.95903661552616648     
          65          69  0.96173631996144893     
          65          70  0.88945593531109568     
          68          70  0.94092268350372432     
          67          71  0.95385200293120331     
          67          72  0.96207152375433147     
          67          73  0.88082559349446554     
          71          73  0.93972450531334994     
          68          74  0.97274989208997631     
          68          75  0.97310073404556119     
          70          76  0.96283210830604726     
          70          77   1.0177727813168453     
          71          78  0.97317613123839797     
          71          79  0.96607450818648033     
          73          80  0.96231734931135038     
          73          81   1.0193824713529109     
          77          82   1.1560866295074572     
          77          83   1.6731021658948821     
          82          83  0.16887817187359472     
          81          84   1.1128726267233984     
          81          85   1.7114460720130398     
          84          85  0.16622910289584936     
          82          86  0.89540775881305079     
          84          87  0.90787527604098306     
          86          88   1.0045059154614406     
          86          89   1.0083677373108957     
          86          90  0.95949750232357711     
          87          91   1.0074776314527514     
          87          92   1.0038914088184641     
          87          93  0.96064203575245577     
          88          94  0.98515776107143427     
          88          95  0.98395418493357456     
          88          96  0.98104969014721510     
          89          97  0.98401979670311246     
          89          98  0.98064050740211650     
          89          99  0.98284016791065654     
          91         100  0.98458409978619688     
          91         101  0.98320362749564494     
          91         102  0.98190396948698855     
          92         103  0.98480555020546934     
          92         104  0.98183153623654762     
          92         105  0.98435101104712264     
           1         106  0.18224030130507127     
           3         106  0.32278284684284525     
          39         106  0.10555505904520746     
         106         107   1.3529026404890743     
         106         108   1.2868107359700436     
         107         109   1.2178290661681228     
         107         110   1.2455828312563006     
         108         111   1.4895590659158855     
         108         112  0.99741217851341335     
         109         113  0.95920133051385159     
         109         114   1.5149908274156196     
         111         114   1.3451698742664431     
         110         115   1.0381846725335706     
         110         116  0.88037860512662436     
         111         117  0.94016611089648661     
         112         118   1.2436911936817114     
         112         119  0.92260542669202716     
         114         120  0.96897300081211435     
         110         121  0.14546744589676247     
         115         121   1.8593272894292652     
         115         122  0.81450341160282302     
         112         123  0.16685033466451554     
         118         123   1.5991170928279144     
         118         124   1.0449773781318463     
         122         125   1.1732571851762532     
         122         126  0.81095727939051776     
         122         127  0.79850285843582092     
         125         127   1.2127360485604854     
         124         128  0.92842423267950880     
         124         129  0.96260029838443373     
         124         130  0.86382153930920225     
         128         130  0.96466153162350010     
         125         131  0.74351931076662747     
         125         132  0.73869112342283716     
         127         133  0.85776621942930253     
         127         134  0.80169214124487542     
         128         135  0.97438765779415215     
         128         136  0.96864886399721151     
         130         137  0.96322521684133877     
         130         138   1.0041419488496579     
         134         139   1.1739743379499150     
         134         140  0.85607894572860843     
         138         141   1.1264845871120142     
         138         142   1.7222529317471933     
         141         142  0.16984456898642794     
         139         143  0.86035323331545532     
         141         144  0.89230624665939162     
         143         145   1.0114713584265003     
         143         146   1.0058556391796543     
         143         147  0.82010701062637703     
         144         148   1.0083621201416171     
         144         149   1.0099380622416227     
         144         150  0.96211748612681991     
         145         151  0.98267829746076929     
         145         152  0.97952252227686132     
         145         153  0.97800540888238341     
         146         154  0.97166992102498906     
         146         155  0.97655190480737053     
         146         156  0.98046925618254521     
         148         157  0.98436945001131160     
         148         158  0.98384797696816739     
         148         159  0.98060423222585402     
         149         160  0.98414387275265036     
         149         161  0.98097049998084529     
         149         162  0.98310298781422489     
          19         163  0.95595420832860500     
          22         164  0.97413187512095323     
          42         165  0.97237050918575951     
          45         166  0.96037567342232533     
          18         167  0.92115140538819540     
          23         168   1.2055657270762288     
          41         169   1.0832420750045137     
          46         170  0.98059391866244650     
         167         171   1.0670120088228812     
         171         172   1.4098223512865442     
         171         173   1.3264344294494179     
         172         174   1.3820208390027153     
         173         174  0.11580361384222435     
         172         175  0.97071751323093369     
         172         176  0.11608621504186448     
         173         176   1.4716489872005811     
         173         177  0.97215147303055061     
         174         178   1.4959746878109601     
         176         178   1.4032175000488789     
         174         179  0.96879986206432211     
         176         180  0.97037342072199506     
         178         181  0.96114799737949108     
         168         182  0.96844800554636501     
         182         183   1.1337629157666469     
         182         184   1.6384927668308251     
         183         185   1.7381991230165679     
         183         186  0.96491567017119761     
         184         187   1.1591923505318020     
         184         188  0.96487155239856581     
         185         189   1.1365297775729877     
         187         189   1.7716379942232436     
         185         190  0.96866740238592186     
         187         191  0.95459720775189005     
         189         192  0.95914218246130600     
         169         193   1.0611288079507397     
         193         194   1.3882330208473828     
         193         195   1.1936919035175255     
         194         196   1.3882221343185339     
         195         196  0.11583194589118916     
         194         197  0.96741879349020632     
         195         198   1.3933192558055250     
         195         199  0.87121141246152078     
         196         200   1.4432727228827547     
         198         200   1.4312777412975288     
         196         201  0.97192544479392984     
         198         202  0.85186875336920576     
         200         203  0.96039393160073672     
         170         204  0.99860224710787149     
         204         205   1.3967998205086030     
         204         206   1.3713650602129765     
         205         207   1.4300607359055302     
         206         207  0.10741249342343849     
         205         208  0.96723502726089350     
         205         209  0.11176300658896887     
         206         209   1.4602984510669623     
         206         210  0.96811287578758465     
         204         211  0.10134832889635971     
         207         211   1.4527567048278203     
         209         211   1.4157522530458668     
         207         212  0.96849607249791814     
         209         213  0.97038019132820341     
         211         214  0.97068402907685025     
          47         215  0.72908633955666124     
         215         216   1.4914089896981608     
         216         217   1.2082154229338455     
         217         218   1.4823454500204263     
         218         219   1.4032731438806476     
         219         220   1.3901492076674673     
         216         221   1.1364440593396976     
         220         221   1.4760223255541793     
         221         222   1.0275300161494563     
         222         223  0.94584747081453713     
         223         224   1.0010176137955642     
         140         225  0.79500181263807146     
         224         225   1.0767405973781117     
         140         226  0.68132304751570116     
         225         226  0.79353992427750952     
         147         227  0.12207337799854996     
         226         227   1.1298235598391244     
         227         228   1.5711072307866296     
         224         229   1.6417921192832181     
         228         229   1.2246211326733167     
         217         230  0.97169773413092253     
         218         231  0.96568279478710584     
         219         232  0.97134835143216713     
         220         233  0.95810446916947500     
         195         234  0.10010108178156353     
         222         234  0.73285001087450952     
         222         235  0.93017066250932323     
         223         236  0.95675799623417623     
         223         237  0.90022981228855903     
         225         238  0.90032002288379764     
         226         239  0.93071567806936006     
         227         240  0.93145093969840054     
         228         241  0.96289475398289348     
         229         242  0.96189465932495311     
