    0.73826473
   -0.36054049
   -0.02188587
   -0.33127254
    0.46458592
    0.14104232
   -0.32927760
   -0.01497050
    0.15061361
   -0.35226724
    0.18540029
   -0.13417433
    0.10398378
   -0.07298019
    0.08121527
    0.23777496
   -0.02038904
    0.15697370
    0.04000266
   -0.08009267
    0.08950352
   -0.12368213
    0.07686902
    0.26988892
   -0.30755145
   -0.15260827
    0.01797806
   -0.07006244
    0.13358659
   -0.05761530
    0.13841970
   -0.10471134
    0.01731973
   -0.01183225
   -0.07864537
    0.07191316
   -0.01098165
    0.04527372
    0.10037682
   -0.04389271
    0.14642798
   -0.07471479
   -0.03078119
    0.05306493
   -0.07654651
    0.14054566
    0.79394822
   -0.65985047
   -0.00232450
    0.13612509
    0.10092505
   -0.09197802
   -0.23257935
   -0.10371644
   -0.14286000
    0.09241527
   -0.14438660
    0.29441379
    0.13941084
    0.08748377
    0.31337403
    0.13278453
    0.10978058
   -0.41411237
   -0.02004711
   -0.40857776
   -0.06069861
   -0.03486711
    0.06490397
   -0.01908033
   -0.05815668
    0.06989978
   -0.05372864
    0.07602658
    0.07573504
    0.07919599
    0.34576903
    0.07173604
    0.08649105
    0.07756766
    0.36211240
   -0.28337868
   -0.43959193
   -0.29659181
   -0.46470487
    0.12475030
    0.11852015
   -0.11633108
   -0.12209481
    0.04376637
   -0.11755648
   -0.11438593
    0.05253867
    0.04406133
    0.05604601
    0.05825532
    0.05372366
    0.06052019
    0.06134668
    0.05444633
    0.06455344
    0.06132219
    0.05058146
    0.06115266
    0.05883589
    0.00677451
    0.04734881
    0.04897013
   -0.04860334
   -0.12125350
   -0.04812918
   -0.10899654
    0.10256563
    0.00790720
    0.27619310
    0.21901333
    0.09755855
    0.27290728
    0.21956418
    0.02338669
   -0.45544457
   -0.05048258
   -0.45964078
   -0.04520297
   -0.05587517
    0.06562973
   -0.04536104
   -0.05214355
    0.06697423
   -0.04516329
    0.08025664
    0.07018661
    0.08592530
    0.35714077
    0.07673199
    0.08481336
    0.08248771
    0.35692376
   -0.29211405
   -0.46267897
   -0.30108565
   -0.46081312
    0.11824559
    0.12039371
   -0.12159414
   -0.11495984
    0.05412641
   -0.11354841
   -0.12018597
    0.04857686
    0.06061344
    0.06231669
    0.05990502
    0.04868937
    0.05781834
    0.05747034
    0.04830065
    0.05757480
    0.05648926
    0.05609464
    0.05993646
    0.06333155
   -0.04851349
    0.09108599
    0.02649247
    0.02406017
   -0.77224993
   -0.31927481
   -0.19085043
   -0.20529023
   -0.21924353
    0.09435981
   -0.15442348
   -0.08563638
    0.32495350
   -0.11924966
    0.40151896
   -0.15028920
    0.08332161
    0.13299941
    0.11166809
    0.16431301
   -0.06730432
   -0.07911656
   -0.03334053
    0.02690962
   -0.05776577
    0.04723748
   -0.02882966
    0.03711133
    0.06453766
    0.01830626
    0.12649422
   -0.10383823
   -0.03347340
   -0.06232188
    0.06223439
    0.01386039
    0.03480185
   -0.01537083
    0.06560514
    0.02125964
    0.01829105
    0.12615000
   -0.09529384
   -0.04080411
   -0.05725576
    0.06893284
    0.00982387
    0.03242474
   -0.01630354
    0.06878620
    0.01250099
    0.02568200
   -0.46562565
    0.09820315
   -0.06678441
   -0.03627138
   -0.04597487
   -0.04340299
   -0.00900149
   -0.04626538
   -0.03856782
    0.06143369
   -0.18632478
   -0.14353876
    0.01330856
   -0.04030827
   -0.00078377
   -0.00640410
    0.00572345
    0.02405266
    0.02261389
    0.03482228
    0.03116263
    0.07741988
    0.02514922
    0.06937665
    0.09581447
    0.06988364
    0.05152689
    0.04074453
