           1           4  0.21233334306951313     
           3           4  0.23536092188291380     
           1           5   3.5426151732638207     
           4           5  0.37397911472404477     
           4           7   1.0228064914691608     
           6           7  0.83976109892473039     
           7           8  0.55971627686870684     
           1          10  0.12824134023802958     
           2          10  0.15308104171497305     
           4          10  0.52105378188892981     
           7          10  0.22276086383432417     
           8          10  0.16728397431852599     
           9          10  0.20741821383007239     
           9          11   3.6734199119084603     
          10          11  0.15491433313945147     
           2          12  0.29176975379934394     
          12          13  0.98006630508846737     
          12          14   2.1766899324921476     
          14          15  0.89363882378440485     
           2          16   1.6475047505916181     
          14          16  0.69064869524800698     
          10          17  0.46680835385508390     
          17          18   1.7961740039799694     
          18          19   1.3225412393659475     
          17          20  0.15814524838272165     
          19          20   1.7216764064626926     
          20          21  0.97126645909713338     
          20          22   1.0165406293686061     
          17          23   1.0253464585048480     
          22          23   1.7083877942235752     
           2          26  0.24254772375012995     
          16          26   1.5276663862087623     
          24          27   2.3099678066409197     
          26          27  0.75959194603005775     
          24          28  0.10926249427452965     
          28          29  0.96079999549352790     
          24          30  0.12497706938130519     
          27          30  0.12515254924566513     
          28          30   2.6495812152820464     
          30          31  0.94660236970884093     
          24          32   1.0850909277716039     
          32          33   1.2280397192829597     
          25          34  0.56206626189234477     
          33          34   1.4940248422460098     
           3          35  0.15272255355034237     
          32          35  0.14409658265903744     
          34          35   1.3286751118863418     
          35          36  0.96575512266086694     
          35          37   1.1820151146109481     
          37          38  0.89160244829187296     
           3          39   1.2343684925413461     
          25          39  0.77487773306057750     
          37          39   1.6963644489407432     
          33          40  0.96927639160118395     
          40          41   1.2631741936701257     
          41          42   1.3587451592213475     
          42          43   1.4217644319474574     
          43          44  0.96507008409709871     
          43          45   1.4666477940269804     
          40          46   1.3240854942137423     
          45          46   1.3135362774877335     
           2          47  0.28715753392449689     
          25          47   1.6919601862546516     
          27          47  0.14277517175659654     
          32          47  0.53005957684724447     
          34          47  0.21874829601205575     
          47          48  0.46231402445815911     
          26          49  0.66179164558917025     
          49          50   1.6693004929296249     
          49          51   1.2905395944624003     
          50          52   1.1768468051203194     
          51          52  0.10772141936791381     
          50          53  0.99317731110228380     
          51          54   1.3719512849851636     
          51          55   1.1070752286272665     
          52          56  0.96587990007516811     
          52          57   1.5040087241459150     
          54          57   1.3270477417338131     
          53          58   1.0552937074497428     
          53          59  0.92855063149613670     
          54          60  0.97206138959027855     
          55          61   1.1934510006190224     
          55          62  0.84180750864117460     
          57          63  0.98239106823869926     
          53          64  0.18170393097939994     
          58          64   1.7213399360982973     
          58          65   1.0819544216119548     
          55          66  0.16412274320488682     
          61          66   1.7239914957261717     
          61          67  0.94010665042850894     
          65          68  0.92573720374181145     
          65          69  0.94293614593462238     
          65          70  0.85644421122278314     
          68          70  0.98007371967568413     
          67          71  0.96314951869958521     
          67          72  0.96912148636095397     
          67          73  0.89570625806447079     
          71          73  0.93686100269788641     
          68          74  0.96259242994427885     
          68          75  0.96431764507844986     
          70          76  0.95083239138632281     
          70          77   1.0150021732539045     
          71          78  0.97880631006120344     
          71          79  0.97179329062243314     
          73          80  0.96974498707724222     
          73          81   1.0052206399156847     
          77          82   1.1115620907270281     
          77          83   1.7069660204635513     
          82          83  0.16868635672096241     
          81          84   1.1631445351720571     
          81          85   1.6828819556100900     
          84          85  0.16869778252346224     
          82          86  0.93295568197314904     
          84          87  0.87671814775477452     
          86          88  0.99416575234132432     
          86          89  0.99984089283509048     
          86          90  0.95691558963703938     
          87          91   1.0131117259415157     
          87          92   1.0105722081870816     
          87          93  0.96235099657971135     
          88          94  0.98602279745457999     
          88          95  0.98501648188528834     
          88          96  0.98363686259369454     
          89          97  0.98484147885476292     
          89          98  0.98303811000393715     
          89          99  0.98375684509349492     
          91         100  0.98407193037069851     
          91         101  0.98252171379925901     
          91         102  0.97975912335166182     
          92         103  0.98407090986381995     
          92         104  0.97931135668100888     
          92         105  0.98349467574279759     
           3         106   1.7910766997624599     
         106         107   1.0020487498764750     
         106         108  0.98597408279110610     
         107         109   1.3224544809141849     
         107         110   1.1302982154207792     
         108         111   1.3555222875481658     
         108         112   1.1527378650525850     
         109         113  0.94778274025495635     
         109         114   1.4656422727655813     
         111         114   1.4387220464917834     
         110         115   1.2367744962179319     
         110         116  0.89831919248322367     
         111         117  0.94657003921038640     
         112         118   1.2363131516870192     
         112         119  0.89412483926796238     
         114         120  0.93992094625581935     
         110         121  0.14691438150326946     
         115         121   1.6507231189362883     
         115         122  0.96372100167448815     
         112         123  0.14126898508920352     
         118         123   1.6431007044965846     
         118         124  0.96404091743351394     
         122         125  0.96055094640041094     
         122         126  0.96698659852364421     
         122         127  0.90277153429819668     
         125         127  0.93347221762431387     
         124         128  0.96972108645594235     
         124         129  0.96686633281982426     
         124         130  0.88738422911672488     
         128         130  0.93181652275814575     
         125         131  0.97488952652734484     
         125         132  0.97628323459745947     
         127         133  0.96543915232779909     
         127         134   1.0123110289543482     
         128         135  0.97443303811668835     
         128         136  0.96795035666496287     
         130         137  0.96512889296268867     
         130         138   1.0229057547578928     
         134         139   1.1506385454277273     
         134         140   1.6859243480509185     
         139         140  0.16918069286751058     
         138         141   1.1314736005293358     
         138         142   1.6890079206756925     
         141         142  0.16534009874441441     
         139         143  0.89185310715319788     
         141         144  0.89729644011271781     
         143         145   1.0103181641209262     
         143         146   1.0069636857664890     
         143         147  0.96086794466263015     
         144         148   1.0065788943701186     
         144         149   1.0097632305376434     
         144         150  0.96100373259521055     
         145         151  0.98343540191683065     
         145         152  0.98293055421506703     
         145         153  0.98069333355794031     
         146         154  0.98458129880644918     
         146         155  0.98079002903604151     
         146         156  0.98387566768068557     
         148         157  0.98461114786571835     
         148         158  0.98395878568650963     
         148         159  0.98116424136245539     
         149         160  0.98405586971852299     
         149         161  0.98102055261244603     
         149         162  0.98289885684462397     
          19         163  0.79493567870710646     
          22         164  0.97768651748315483     
          42         165  0.95908169924957876     
          45         166  0.96121553256211345     
          18         167  0.69425969814661515     
          23         168  0.85879014388861430     
          41         169   1.0946795997298033     
          46         170   1.0784096554977016     
         172         173   2.0195455105132876     
         171         174  0.93291099000604294     
         171         175  0.15822478566907419     
         172         176   1.3015010281022077     
         173         176  0.46018764341437379     
         172         177  0.48130610703547488     
         173         177  0.33761625522655586     
         171         178  0.12827257887243934     
         173         178  0.10582895125583394     
         174         178   1.3948955321864862     
         176         178  0.71104874597784673     
         174         179  0.84095203410299202     
         176         180  0.96914902465992403     
         178         181  0.95131349694529010     
         168         182   1.1049849051436551     
         182         183   1.2529845157397255     
         182         184   1.4789049905555494     
         183         185   1.5112905771059886     
         184         185  0.10664746877045048     
         183         186  0.97271925207010079     
         183         187  0.14308072944035247     
         184         187   1.2837696317942204     
         184         188  0.97358638699508593     
         185         189   1.3770385109971781     
         187         189   1.5470598410004641     
         185         190  0.96938071580892482     
         187         191  0.97783406130269157     
         189         192  0.96191264636787810     
         169         193   1.0553698511971279     
         193         194   1.3347805246555129     
         193         195   1.3525747088371649     
         194         196   1.4225308681282227     
         195         196  0.12157419411150401     
         194         197  0.98202437440033796     
         194         198  0.10150855408483951     
         195         198   1.4614216672216449     
         195         199  0.95057597094578694     
         196         200   1.4186870321547789     
         198         200   1.4760932436518790     
         196         201  0.97909574434075219     
         198         202  0.93005683670935080     
         200         203  0.95168948769933182     
         170         204   1.0465021922310165     
         204         205   1.3238905789175313     
         204         206   1.3799173870630825     
         205         207   1.4439767405554171     
         206         207  0.11771126422560028     
         205         208  0.98165037568534796     
         205         209  0.10550826797699438     
         206         209   1.4369853582659644     
         206         210  0.95430721401090746     
         207         211   1.4044966081799093     
         209         211   1.4915929653287161     
         207         212  0.97713675847258696     
         209         213  0.93644053801962346     
         211         214  0.95271255175563740     
          32         215  0.10473727115898501     
          47         215   1.1556787883649131     
         215         216   1.3809121273502696     
         216         217   1.2428123171039529     
         217         218   1.4986310929989675     
         218         219   1.3884727428925414     
         219         220   1.4115107968963130     
         216         221   1.1915405046351035     
         220         221   1.4645236583150987     
         221         222   1.0075999202519976     
         222         223  0.98304904984087838     
         171         224  0.57451241237813633     
         223         224  0.93795229963657722     
         171         225  0.10847853841764223     
         174         225  0.11369890129156700     
         175         225  0.15292863475497404     
         178         225  0.17516281745762907     
         224         225   1.0806969722059827     
         171         226  0.22963993700665705     
         175         226  0.47512361424080263     
         225         226  0.59716998573285884     
         226         227   1.3890310475508609     
         227         228   1.2993632231800194     
         224         229   1.2011987557476795     
         228         229   1.5346334830552331     
         217         230  0.96291027245707550     
         218         231  0.96508601829787011     
         219         232  0.97043809683593407     
         220         233  0.96622141928302108     
         222         234  0.96083421540802116     
         222         235  0.96867554957034652     
         223         236  0.93784267727937232     
         223         237  0.97617808128074368     
         174         238  0.30298208363148671     
         225         238  0.63236159871018527     
         226         239  0.92715412102744754     
         227         240  0.94069062808377180     
         228         241  0.94505499939788951     
         229         242  0.89173625611210616     
