   -0.20528155
   -0.20759677
   -0.01943987
    0.07215081
   -0.04872920
    0.04519415
   -0.04083096
    0.04136847
    0.08022003
    0.01084810
    0.08007911
   -0.04248055
    0.03683710
   -0.05003329
    0.04333857
    0.07107099
   -0.03099669
    0.14173053
   -0.07333782
   -0.03465351
    0.05490410
   -0.07234566
    0.14245239
   -0.20196880
   -0.21310518
   -0.01718054
    0.07136647
   -0.05084484
    0.04432781
   -0.04192901
    0.04039615
    0.07932060
    0.01004521
    0.07975159
   -0.04262510
    0.03587316
   -0.05265850
    0.04335494
    0.06882357
   -0.02920253
    0.14008701
   -0.06967904
   -0.03507610
    0.05723569
   -0.07027775
    0.14205081
    0.85137243
   -0.55883789
   -0.02741476
    0.07149999
    0.07558563
   -0.05503059
   -0.15888136
   -0.05395868
   -0.16050276
    0.07685227
   -0.03129921
    0.27598677
    0.19419136
    0.07863742
    0.27795712
    0.19834599
    0.05355350
   -0.45837356
   -0.04086960
   -0.46032750
   -0.03809114
   -0.05225981
    0.05932409
   -0.04221820
   -0.04888583
    0.06697036
   -0.04140526
    0.07942279
    0.07254549
    0.08340970
    0.35786090
    0.07322224
    0.08697949
    0.08064784
    0.35842357
   -0.28894085
   -0.45818656
   -0.29464004
   -0.45361583
    0.11786608
    0.12148314
   -0.11864461
   -0.12457475
    0.05290246
   -0.12206976
   -0.11866355
    0.04501567
    0.04737478
    0.06035731
    0.06156910
    0.05669629
    0.06294463
    0.06454187
    0.05544513
    0.06452837
    0.06146751
    0.04930010
    0.06023213
    0.05819353
   -0.02803677
    0.07160258
    0.07549211
   -0.05487169
   -0.16062774
   -0.05383162
   -0.16084766
    0.07659984
   -0.03115782
    0.27605978
    0.19525432
    0.07713115
    0.27774473
    0.19760910
    0.05354486
   -0.45688853
   -0.04091377
   -0.45976015
   -0.03786127
   -0.05081417
    0.05950043
   -0.04209500
   -0.04924652
    0.06428495
   -0.04097017
    0.07808182
    0.07049556
    0.08312625
    0.35771525
    0.07505925
    0.08625468
    0.07982996
    0.35826807
   -0.28759580
   -0.45786362
   -0.29407939
   -0.45360685
    0.12010862
    0.12022446
   -0.12403245
   -0.12003206
    0.04852532
   -0.11728464
   -0.12411543
    0.04837516
    0.05596182
    0.06506752
    0.06311154
    0.05088201
    0.06112408
    0.05945286
    0.04785495
    0.05780319
    0.05924153
    0.05737891
    0.06244467
    0.06415972
    0.04665798
    0.04782450
    0.05331573
    0.05006332
   -0.29139292
   -0.28877257
   -0.28515117
   -0.28745847
    0.13613282
   -0.04918897
   -0.04867441
   -0.03290724
    0.04921663
   -0.03145720
    0.05429415
   -0.03483381
    0.04701105
    0.05399516
    0.04766207
    0.13829802
   -0.05001974
   -0.04708966
   -0.03181831
    0.04294368
   -0.03004947
    0.05175362
   -0.03644886
    0.04789088
    0.05108506
    0.04810537
    0.13598537
   -0.05534524
   -0.04651595
   -0.03188328
    0.04123589
   -0.02685375
    0.04727676
   -0.03837184
    0.04592177
    0.05377164
    0.04629972
    0.13796299
   -0.05100112
   -0.04879121
   -0.03217541
    0.04179595
   -0.03040462
    0.05171446
   -0.03715693
    0.04911802
    0.05052723
    0.04851813
   -0.29680150
    0.11464860
   -0.03840342
   -0.02720808
   -0.03153067
   -0.03307862
    0.01005686
   -0.05117654
   -0.06065065
    0.03219418
   -0.02724120
   -0.02554512
   -0.03211403
    0.48624217
   -0.21588448
   -0.21984569
   -0.22421106
   -0.02681889
   -0.03265751
    0.03313708
    0.05370175
    0.04792391
    0.05388954
    0.05158713
    0.04543175
    0.05483863
    0.05644448
    0.05324298
    0.05823926
    0.06128781
    0.06127853
