           1           4   1.2455577321987594     
           3           4   1.3018622562221680     
           4           5   1.1688712986543981     
           5           6  0.96919388546779606     
           5           7   1.6487384320787108     
           7           8  0.96951270031744807     
           1           9   1.2388905756225146     
           7           9   1.1696140966024768     
           9          10   1.3155623849946325     
           2          11   1.2530807776979649     
          10          11   1.3114360978067388     
          11          12   1.1633234436388489     
          12          13  0.96997841038617083     
          12          14   1.6586756438161225     
          14          15  0.96948601023189263     
           2          16   1.2458690242590249     
          14          16   1.1626112375742073     
          10          17   1.0040650142277827     
          17          18   1.3393554363177298     
          18          19   1.3652247525070300     
          17          20  0.10046853973603027     
          19          20   1.4383953415918502     
          20          21  0.96817334877268979     
          20          22   1.4420469621304453     
          17          23   1.3373321202422797     
          22          23   1.3625912635257431     
          16          26   1.3109388555101087     
          24          27   1.2457881178852477     
          26          27   1.3002530340197092     
          27          28   1.1695751880048939     
          28          29  0.96921368004052078     
          28          30   1.6476154919814576     
          30          31  0.96972984113020733     
          24          32   1.2461895153461939     
          30          32   1.1714247746903579     
          32          33   1.3093141150124521     
          25          34   1.2474706366625257     
          33          34   1.3146987878982146     
          34          35   1.1663433713663789     
          35          36  0.97005901775501169     
          35          37   1.6548209834104237     
          37          38  0.96919536794293604     
           3          39   1.3079001161052246     
          25          39   1.2433637048269415     
          37          39   1.1640563782343250     
          33          40   1.0055284196830618     
          40          41   1.3378785911419737     
          41          42   1.3674869641352254     
          42          43   1.4386859578686384     
          43          44  0.96792054075087364     
          43          45   1.4408563613245355     
          40          46   1.3398431234966302     
          45          46   1.3639192572760437     
           1          47  0.60364233937985712     
           2          47  0.57689204876479272     
          24          47  0.58341528429527778     
          25          47  0.58239596859547305     
          47          48  0.59705419904265955     
          26          49  0.99723120787804209     
          49          50   1.3474611169334547     
          49          51   1.3385628548426762     
          50          52   1.3698826273274134     
          50          53   1.0636227422494813     
          51          54   1.3646656365908967     
          51          55   1.0764013275269204     
          52          56  0.95763520063108776     
          52          57   1.4385703885270777     
          54          57   1.4441378832012581     
          53          58   1.2146704719129675     
          53          59  0.92176208488695888     
          54          60  0.95565984737708864     
          55          61   1.2046858289838127     
          55          62  0.91843065733054774     
          57          63  0.96802219788729948     
          53          64  0.16655364648754695     
          58          64   1.6603009288340795     
          58          65  0.99069380467176715     
          55          66  0.16000907722810176     
          61          66   1.6581920856751982     
          61          67  0.99945565750795040     
          65          68  0.95765231916771476     
          65          69  0.96504510353904349     
          65          70  0.89267703052287950     
          68          70  0.94596182924943295     
          67          71  0.95570188384334853     
          67          72  0.96425025635241279     
          67          73  0.88649712067822439     
          71          73  0.94327828573643691     
          68          74  0.97303298013953277     
          68          75  0.97453916702743404     
          70          76  0.96374426281251913     
          70          77   1.0062897054015687     
          71          78  0.97388338944169839     
          71          79  0.96748729943504586     
          73          80  0.96336470082318659     
          73          81   1.0129117462925656     
          77          82   1.1483353300829706     
          77          83   1.6925110353121131     
          82          83  0.17027801592619887     
          81          84   1.1328528961236706     
          81          85   1.6984894391528251     
          84          85  0.16701107061498618     
          82          86  0.89931262423077774     
          84          87  0.90419244958570555     
          86          88   1.0022569810132105     
          86          89   1.0073981729016701     
          86          90  0.96111271707231516     
          87          91   1.0068596463532198     
          87          92   1.0028504350854675     
          87          93  0.96162286144892928     
          88          94  0.98559155594671466     
          88          95  0.98448441765935124     
          88          96  0.98160001550584985     
          89          97  0.98422002240456274     
          89          98  0.98109847689476615     
          89          99  0.98325324138973880     
          91         100  0.98473007273106539     
          91         101  0.98341096582862253     
          91         102  0.98188449656858667     
          92         103  0.98509136287057941     
          92         104  0.98197412071677348     
          92         105  0.98454319906146603     
           3         106   1.0012565124040609     
         106         107   1.3432477821964663     
         106         108   1.3389315437360738     
         107         109   1.3714755099452696     
         107         110   1.0650153967935720     
         108         111   1.3651934301561155     
         108         112   1.0755533536336499     
         109         113  0.95810367802165353     
         109         114   1.4373126502376157     
         111         114   1.4438777078703877     
         110         115   1.2114001389585978     
         110         116  0.91814618987948327     
         111         117  0.95680602742761656     
         112         118   1.2041743769904858     
         112         119  0.91913018232547672     
         114         120  0.96811344559241264     
         110         121  0.16642245503727571     
         115         121   1.6641687179998119     
         115         122  0.98964196329362064     
         112         123  0.16056917586990649     
         118         123   1.6588276793989112     
         118         124  0.99956855443512893     
         122         125  0.95526858808169635     
         122         126  0.96169868831440986     
         122         127  0.89836591375904384     
         125         127  0.94297364611915779     
         124         128  0.95753340454888669     
         124         129  0.96507170847035750     
         124         130  0.88245604893563101     
         128         130  0.94557909375369920     
         125         131  0.97331294976623517     
         125         132  0.97448998148500687     
         127         133  0.96403966850543887     
         127         134   1.0058902418255620     
         128         135  0.97340328341612437     
         128         136  0.96706305784406832     
         130         137  0.96410457136523253     
         130         138   1.0118390934826098     
         134         139   1.1496500673797700     
         134         140   1.6911036885528399     
         139         140  0.17015752722491823     
         138         141   1.1345856061507371     
         138         142   1.6985226486058842     
         141         142  0.16744747700564516     
         139         143  0.89968620890040529     
         141         144  0.90344711918537401     
         143         145   1.0072260495041123     
         143         146   1.0036010648495586     
         143         147  0.96138239339082121     
         144         148   1.0024703730647893     
         144         149   1.0073850152824750     
         144         150  0.96143776874638687     
         145         151  0.98455951475309855     
         145         152  0.98320314291426747     
         145         153  0.98124073104711906     
         146         154  0.98485917317268301     
         146         155  0.98133647975931337     
         146         156  0.98418137451064958     
         148         157  0.98524486331295480     
         148         158  0.98477102057021515     
         148         159  0.98207548782931187     
         149         160  0.98424351753540051     
         149         161  0.98162473439694065     
         149         162  0.98342180108782329     
          19         163  0.96393290827145350     
          22         164  0.96419596658848894     
          42         165  0.96407600946003180     
          45         166  0.96444891405715016     
          18         167   1.0330867814317444     
          23         168   1.0364460701968803     
          41         169   1.0325519329796213     
          46         170   1.0349219114551254     
         167         171  0.97511877470136687     
         171         172   1.3934437954404661     
         171         173   1.3971704138727921     
         172         174   1.4419657670505670     
         173         174  0.11080067424688078     
         172         175  0.96758818121673107     
         172         176  0.11173019592620678     
         173         176   1.4394138660664608     
         173         177  0.96747544965382437     
         171         178  0.10428257729786318     
         174         178   1.4366207172801035     
         176         178   1.4394652961542447     
         174         179  0.96923235339043956     
         176         180  0.96877517136742175     
         178         181  0.96948851616477816     
         168         182  0.98487153191749499     
         182         183   1.3882237856831539     
         182         184   1.3897481520442565     
         183         185   1.4435404471406106     
         184         185  0.11062563564883970     
         183         186  0.96818392502988782     
         183         187  0.11089585360812115     
         184         187   1.4424049650222781     
         184         188  0.96771909029314573     
         182         189  0.10234055768218034     
         185         189   1.4362586169408222     
         187         189   1.4379929388309485     
         185         190  0.96939005102089870     
         187         191  0.96911676145874515     
         189         192  0.96944269482803647     
         169         193  0.99790792384720117     
         193         194   1.3827673192767238     
         193         195   1.3771688242200824     
         194         196   1.4419598045587747     
         195         196  0.10970861899686137     
         194         197  0.96736252023199187     
         194         198  0.10892740920237406     
         195         198   1.4473739691147194     
         195         199  0.96707437276312136     
         196         200   1.4374575733735773     
         198         200   1.4326211870822390     
         196         201  0.96955409879819643     
         198         202  0.96785289158514398     
         200         203  0.96966895515878038     
         170         204  0.98865500551700591     
         204         205   1.3865688312255009     
         204         206   1.3861544146833187     
         205         207   1.4434744690551062     
         206         207  0.11047388593575304     
         205         208  0.96803170184726450     
         205         209  0.11034982354651880     
         206         209   1.4438592107033177     
         206         210  0.96774159956320516     
         204         211  0.10157322466743961     
         207         211   1.4363567926571303     
         209         211   1.4370176853536538     
         207         212  0.96930677742068228     
         209         213  0.96918817861450357     
         211         214  0.96940867405255005     
          47         215   1.5781714331216845     
         215         216   1.4117194197117957     
          47         217  0.10905024579294428     
         216         217   1.1772781786862030     
         217         218   1.5127065611928798     
         218         219   1.3831246121827985     
         219         220   1.3992888005955499     
          47         221  0.10578838753570366     
         216         221   1.1591949107384147     
         220         221   1.4713357095449893     
         221         222   1.0214205417013622     
         222         223  0.95698218261782875     
         223         224   1.0211128781427554     
         224         225   1.4003088362229883     
         225         226   1.4503593378585407     
         224         227  0.10338138501536798     
         226         227   1.4064601225070239     
         227         228  0.95391401294804568     
         228         229  0.94626656584746627     
         228         230  0.93685679499913777     
         228         231  0.92891230927684432     
         225         232  0.10753660565724170     
         227         232   1.4008880556587948     
         224         233   1.4060501086131432     
         226         233  0.10492488350955290     
         232         233   1.4524600367835634     
         217         234  0.96649749650186401     
         218         235  0.96020474767868036     
         219         236  0.97012908107140239     
         220         237  0.96033547010641418     
         222         238  0.97006403347335846     
         222         239  0.95919704228330593     
         223         240  0.96932215401074528     
         223         241  0.96539686438770678     
         225         242  0.96637163855028874     
         226         243  0.96696757747960183     
         232         244  0.96718400178858055     
         233         245  0.96635245975956363     
