   -0.19189885
   -0.19898193
   -0.00557305
    0.06715313
   -0.02223177
    0.07101981
   -0.01815258
    0.07406536
    0.07981526
    0.02591800
    0.07753411
   -0.02038372
    0.06844537
   -0.02466643
    0.07048405
    0.06367742
   -0.00195523
    0.11273030
   -0.04196051
   -0.03462335
    0.05098798
   -0.04251420
    0.11200878
   -0.22461765
   -0.21137009
   -0.00666231
    0.06539606
   -0.02786578
    0.06644598
   -0.02431534
    0.06938730
    0.05499708
   -0.00731157
    0.06147497
   -0.02282919
    0.06474397
   -0.02645323
    0.06990689
    0.06352260
   -0.02448853
    0.05665999
   -0.04590004
   -0.03567005
    0.04771186
   -0.04326112
    0.11195709
    0.45212854
   -0.11367323
   -0.00999189
    0.07469412
    0.07807651
   -0.03482733
   -0.33131012
   -0.03472131
   -0.32287783
    0.11601229
   -0.03100415
    0.28076707
    0.16613121
    0.12045892
    0.28311465
    0.18150124
    0.05751975
   -0.51347475
   -0.03096246
   -0.51188638
   -0.02831357
   -0.04434757
    0.06873985
   -0.03937481
   -0.04789202
    0.09125429
   -0.03610872
    0.07534029
    0.06765003
    0.09789965
    0.35940964
    0.08248556
    0.12162952
    0.10343031
    0.36611134
   -0.41047811
   -0.53460866
   -0.40707899
   -0.52501166
    0.07374437
    0.07753108
   -0.07038069
   -0.07333363
    0.08066640
   -0.07242482
   -0.07393275
    0.07934657
    0.06332240
    0.05764225
    0.03875273
    0.06393852
    0.04000110
    0.06151429
    0.06553011
    0.06361554
    0.04002268
    0.07963376
    0.04384741
    0.06324200
   -0.00987445
    0.07599439
    0.07818085
   -0.03437060
   -0.33199483
   -0.03463918
   -0.32634373
    0.11559043
   -0.03087209
    0.28348706
    0.17413446
    0.11855178
    0.28406798
    0.18076201
    0.05783025
   -0.51219306
   -0.03027357
   -0.51144562
   -0.02820033
   -0.04479874
    0.07599984
   -0.03789748
   -0.04704120
    0.08942130
   -0.03673869
    0.07605090
    0.06844948
    0.09747143
    0.36167754
    0.08081822
    0.12072883
    0.10089652
    0.36508769
   -0.40959403
   -0.53292928
   -0.40776666
   -0.52680355
    0.07481183
    0.07642399
   -0.07342545
   -0.07293164
    0.08121938
   -0.07324101
   -0.07373496
    0.08076914
    0.06793927
    0.06250870
    0.04149662
    0.07149196
    0.04173952
    0.06073450
    0.08276091
    0.06448508
    0.04337714
    0.06616781
    0.04211353
    0.06342093
    0.06159427
    0.06169660
    0.05206700
    0.05974595
   -0.37288849
   -0.37146594
   -0.30489230
   -0.37395424
    0.11264098
   -0.03869622
   -0.03867311
   -0.03343183
    0.07589011
   -0.03390621
    0.07185769
   -0.03391261
    0.05156447
    0.05131058
    0.04939540
    0.11722534
   -0.03746537
   -0.03405979
   -0.03195672
    0.06966706
   -0.03131348
    0.08086889
   -0.03245928
    0.04968831
    0.05490786
    0.04759208
    0.04552567
   -0.03774730
   -0.04401076
   -0.03561085
    0.06001880
   -0.03159242
    0.07210698
   -0.03477396
    0.04539465
    0.08005417
    0.05041044
    0.11452924
   -0.03903197
   -0.03606107
   -0.03395282
    0.06552701
   -0.03326150
    0.07773025
   -0.03411209
    0.04968942
    0.05247897
    0.04794224
   -0.32108360
    0.09822701
   -0.02903280
   -0.02576855
   -0.02589799
   -0.02703605
   -0.00275912
   -0.03105906
   -0.01819309
   -0.00109597
   -0.02634500
   -0.03907364
   -0.03244342
   -0.03006225
   -0.03113641
    0.10014418
    0.06096771
    0.08824302
    0.06195272
    0.08685943
    0.12756187
    0.09760056
    0.06612212
    0.06343731
    0.03685111
    0.04376387
    0.06227680
    0.06649066
