   -0.08021491
    0.16771964
   -0.03101171
    0.07003266
   -0.08166798
    0.03003882
   -0.10768479
    0.06264975
    0.03388540
   -0.02776823
    0.26285471
   -0.18183665
    0.09479110
   -0.07317271
    0.10548954
    0.00571157
    0.04471998
   -0.18704153
   -0.50518353
   -0.14870033
    0.11622708
    0.00630725
    0.16121823
   -0.27373546
   -0.37467278
   -0.05219021
    0.06147790
   -0.09949137
    0.12462391
   -0.03803856
    0.12688368
    0.22843490
   -0.17878691
    0.26839936
    0.30022643
   -0.87555283
    0.00137681
    0.00813618
   -0.01760969
   -0.01057466
    0.14232044
   -0.04569626
   -0.01884088
    0.04786969
   -0.07036807
    0.13739516
    0.41059551
    0.06769541
   -0.04033716
    0.07372856
    0.07646491
   -0.04885428
   -0.17402068
   -0.05587540
   -0.14946904
    0.08237131
   -0.03720706
    0.28341911
    0.20194770
    0.08021053
    0.26264005
    0.19206933
    0.06968580
   -0.44612490
   -0.04852347
   -0.45370708
   -0.03033495
   -0.05083628
    0.06277433
   -0.03732335
   -0.05236258
    0.04718421
   -0.03908514
    0.07759030
    0.07957013
    0.08076376
    0.34889351
    0.08225243
    0.08865434
    0.09063569
    0.35605223
   -0.26762538
   -0.49198595
   -0.30009961
   -0.44554707
    0.11667634
    0.12324045
   -0.11656160
   -0.12252956
    0.06021228
   -0.11859410
   -0.11646010
    0.04267639
    0.04985409
    0.05931513
    0.06185194
    0.05786258
    0.06412847
    0.06413023
    0.05329190
    0.06424389
    0.05902727
    0.04752872
    0.05902011
    0.05820705
    0.00420647
    0.11801496
    0.11285936
   -0.03924033
   -0.16129556
   -0.03849452
   -0.15636842
    0.08717921
   -0.04974918
    0.27352330
    0.21619578
    0.08937309
    0.26902949
    0.20033266
    0.11748332
   -0.46259063
   -0.02840413
   -0.45860571
   -0.02682553
   -0.04411504
    0.05862974
   -0.03382675
   -0.04995646
    0.04036022
   -0.03917413
    0.07832419
    0.07728868
    0.09205509
    0.34946082
    0.08105120
    0.09210674
    0.08973534
    0.35737671
   -0.29142650
   -0.46559045
   -0.29959122
   -0.44637430
    0.12402958
    0.12085076
   -0.12185043
   -0.11698618
    0.04580009
   -0.11576419
   -0.12187852
    0.04841931
    0.05549260
    0.06210873
    0.06157307
    0.04840361
    0.05903089
    0.05623143
    0.04562531
    0.05762871
    0.05913459
    0.05701760
    0.06169227
    0.06358685
    0.07837905
    0.09845337
    0.06220498
    0.06940534
    1.25831924
   -0.65304012
   -0.30108412
   -0.34767162
   -0.10243142
   -0.02852613
   -0.45592619
    0.49099392
   -0.96722239
    0.05862607
   -0.86535023
   -0.23773396
    0.06782866
   -0.02466661
   -0.07293920
    0.12989716
   -0.08546234
    0.01072937
   -0.04957678
    0.06958617
   -0.01772326
    0.00820446
   -0.04895370
    0.01693020
    0.00963988
    0.05212818
    0.14340726
   -0.05169723
   -0.02462704
   -0.01975308
    0.03432480
   -0.02583644
    0.04421959
   -0.03462016
    0.03888429
    0.05585008
    0.05569522
    0.13533461
   -0.04328424
   -0.04181801
   -0.02245047
    0.04456979
   -0.03767791
    0.05859108
   -0.04856875
    0.03472558
    0.05250748
    0.06819019
   -0.28042642
    0.11788938
   -0.03836885
   -0.03614069
   -0.04006926
   -0.03524119
   -0.03568162
    0.08045945
   -0.02802936
    0.07837244
   -0.16590923
    0.12264834
    0.01124140
   -0.05439744
   -0.05628512
    0.05529946
    0.04313986
    0.06185615
    0.06659326
    0.13150075
    0.35788703
    0.16111185
    0.17586801
    0.36658100
    0.14512996
    0.09884851
    0.05801798
    0.09406473
