   -0.22364047
   -0.51206236
    0.02251464
    0.09659429
   -0.02064005
    0.07044260
   -0.03367835
    0.08592755
    0.12504277
    0.01435134
    0.33870989
   -0.07586674
    0.09996528
   -0.02305985
    0.06692337
    0.06843148
    0.03764460
   -0.03056670
    0.03388815
   -0.21635335
    0.21619000
   -0.00833803
    0.04270409
   -0.17516903
   -0.33757340
   -0.00177873
    0.04612917
   -0.04955502
    0.08163269
   -0.04256637
    0.07747159
    0.09249706
    0.06343382
    0.05361569
   -0.02962138
    0.05589044
    0.00693859
    0.05075359
    0.00536132
    0.00123567
    0.11037733
   -0.03953336
   -0.03111577
    0.04890618
   -0.04783977
    0.10145203
    0.55348147
   -0.41606651
   -0.00919616
    0.07204597
    0.08162687
   -0.03253346
   -0.33704550
   -0.03405826
   -0.32220791
    0.11617858
   -0.03393759
    0.29200284
    0.17237733
    0.12069730
    0.27544406
    0.18851418
    0.06079595
   -0.51793443
   -0.03177519
   -0.50706960
   -0.02718488
   -0.04531594
    0.07215970
   -0.03739122
   -0.04698690
    0.10289237
   -0.03637499
    0.07543792
    0.06757067
    0.09965446
    0.35464036
    0.08382122
    0.12387299
    0.10456442
    0.36657731
   -0.41309731
   -0.52493226
   -0.40457340
   -0.52323915
    0.07285413
    0.07907275
   -0.07279305
   -0.07426630
    0.08219139
   -0.07305623
   -0.07460729
    0.08062637
    0.07164185
    0.06411537
    0.04221250
    0.06595152
    0.04235263
    0.06373142
    0.06716853
    0.06519322
    0.04153097
    0.08091093
    0.04535149
    0.06476010
   -0.00548790
    0.07587379
    0.07847302
   -0.02737659
   -0.34401807
   -0.02805154
   -0.34040891
    0.11160275
   -0.04816910
    0.27670945
    0.19416658
    0.11443185
    0.27766921
    0.19694754
    0.06944410
   -0.50676539
   -0.02764270
   -0.50559750
   -0.02521666
   -0.04380817
    0.08110337
   -0.04040678
   -0.04653650
    0.09815566
   -0.03706586
    0.07679706
    0.07063386
    0.09819776
    0.34665836
    0.08205988
    0.12317277
    0.10187874
    0.36643179
   -0.40481616
   -0.52515152
   -0.40572575
   -0.52636066
    0.07982322
    0.07727334
   -0.07438793
   -0.07415319
    0.07696455
   -0.07389211
   -0.07444393
    0.08173672
    0.06669868
    0.06373255
    0.04166063
    0.07331696
    0.04298698
    0.06235623
    0.08433268
    0.06592487
    0.04493013
    0.06786813
    0.04387876
    0.06513347
    0.09784235
    0.06136571
    0.06265880
    0.06338646
   -0.95398361
   -0.40712641
   -0.37283547
   -0.36385146
   -0.16851330
   -0.03190947
   -0.04517812
    0.79149016
    0.05956854
   -0.01507318
    0.01929782
   -0.10991946
    0.04016018
    0.03793783
    0.02943945
    0.12734743
   -0.05100497
   -0.02187184
   -0.03256076
    0.08320373
   -0.02758670
    0.08471634
   -0.03478875
    0.05050293
    0.05299621
    0.05077004
    0.10368137
   -0.04646208
   -0.02717981
   -0.03113957
    0.06202100
   -0.03115615
    0.09412052
   -0.03490036
    0.04795617
    0.07938028
    0.05169378
    0.10719994
   -0.04152981
   -0.03282723
   -0.03009098
    0.06754567
   -0.03326259
    0.08041434
   -0.03846786
    0.04981337
    0.05466774
    0.05288002
   -0.16216365
    0.09893997
   -0.02593004
   -0.02527611
   -0.02692838
   -0.02721986
    0.00560370
   -0.01523874
   -0.01969079
    0.00398467
   -0.01926471
   -0.01093965
   -0.02410162
   -0.03302950
   -0.03794828
    0.14548283
    0.06597551
    0.08507958
    0.06139401
    0.07532687
    0.17454528
    0.06529529
    0.06767700
    0.05969297
    0.03817899
    0.04512280
    0.05327455
    0.07333242
