           1           4   1.1733046415097386     
           3           4   1.2934090743790125     
           4           5   1.1484669032283867     
           5           6  0.97231823728851230     
           5           7   1.6766938550137365     
           7           8  0.96839787224989482     
           1           9   1.7813849140617612     
           7           9  0.88680923378390908     
           9          10  0.80266975560554255     
           2          11   3.0389912292035182     
          10          11  0.42714314262958397     
           2          12  0.14530725150360105     
          10          12  0.13048966075190022     
          11          12  0.36468037691058774     
          12          13  0.97118881046358119     
          12          14   1.0742999076379824     
          14          15  0.88006887278324619     
           2          16  0.21714425778401092     
          10          16  0.12923396895240502     
          12          16  0.11389600926242439     
          14          16   1.8722028016369046     
          10          17   1.0408306623124792     
          10          18  0.97237888800421346     
          12          18  0.11146613354488019     
          17          18   1.2217529734418031     
          19          20   1.5553672600868718     
          20          21  0.97734861897155656     
          20          22  0.50326003641010120     
          17          23   1.0648125167527036     
          22          23   2.5129888560692524     
           3          25  0.25335637900901048     
          12          26  0.15669316201480277     
          16          26   1.1944084066315399     
          24          27  0.75277710854917501     
          26          27   1.3673308043081134     
          27          28   1.5057581639903697     
          28          29  0.95603131944226571     
          24          30  0.14646035443369085     
          28          30  0.30648467468576790     
          30          31  0.93604248485323260     
          24          32   1.0862643542338937     
          28          32  0.16112431945809044     
          30          32   2.1691356328562326     
          25          33  0.33566002239795045     
          28          33  0.14643429295741567     
          30          33  0.21888875239974140     
          32          33  0.33479138068038816     
          34          35   3.2986203682222213     
          33          37  0.11531210248247446     
          34          37  0.45730363273511693     
          35          37  0.46605092830482103     
          37          38  0.72182119202001127     
           3          39   1.5327259118190275     
          37          39   1.2081955885540088     
          33          40   1.0501963640559608     
          40          41   1.6370518368497990     
          41          42   1.0456086972035963     
          42          43   1.8346848674028831     
          43          44  0.95073921914194803     
          43          45   1.0832179206001158     
          40          46   1.0266182143503306     
          45          46   1.7451504102093405     
           1          47  0.20100237020218317     
           2          47  0.15717206365820971     
           3          47  0.14415193459846951     
          12          47  0.11943122035825279     
          24          47  0.79074503261291906     
          25          47  0.42492167544051851     
          33          47  0.10227723615058028     
          47          48   1.8252060208363670     
          26          49  0.89265546105198434     
          49          50   1.4074273044026300     
          49          51   1.2505465442869521     
          50          52   1.3430041835150326     
          50          53   1.0434546788826906     
          51          54   1.4485079345221628     
          51          55   1.0964147415265630     
          52          56  0.95294748826600062     
          49          57  0.11224238705948118     
          52          57   1.4865323009748475     
          54          57   1.3626631813836345     
          53          58   1.2074709740127954     
          53          59  0.92272011830578171     
          54          60  0.95236299764203014     
          55          61   1.1881257211304785     
          55          62  0.91562867832548378     
          57          63  0.97062185239527721     
          53          64  0.16858492714495271     
          58          64   1.6792049242671709     
          58          65  0.98797539757863384     
          55          66  0.15820320193323509     
          61          66   1.6611483532690752     
          61          67   1.0024601155479798     
          65          68  0.95208503813581669     
          65          69  0.96543931112599279     
          65          70  0.88744304320206635     
          68          70  0.95069684115875452     
          67          71  0.95836661475275331     
          67          72  0.96194516054020907     
          67          73  0.89044756493466626     
          71          73  0.93920774961252473     
          68          74  0.97267591508860596     
          68          75  0.97338846069789908     
          70          76  0.96279415148065406     
          70          77   1.0143494776148658     
          71          78  0.97124752898806632     
          71          79  0.96488140232993980     
          73          80  0.96049852407295466     
          73          81   1.0159097177372196     
          77          82   1.1963669485482817     
          77          83   1.6372134684221125     
          82          83  0.17077081386976006     
          81          84   1.1164100437534583     
          81          85   1.7080997729169793     
          84          85  0.16781785414327674     
          82          86  0.88349584391852365     
          84          87  0.91080848988866958     
          86          88   1.0056863411658628     
          86          89   1.0101539240426785     
          86          90  0.95920964078359683     
          87          91   1.0068391824091381     
          87          92   1.0025796487163463     
          87          93  0.96041202931504011     
          88          94  0.98475275482279168     
          88          95  0.98360237282861518     
          88          96  0.98022341066130148     
          89          97  0.98365215030760811     
          89          98  0.97978581963051281     
          89          99  0.98250291568041770     
          91         100  0.98450066204533093     
          91         101  0.98296482666564000     
          91         102  0.98184363617611936     
          92         103  0.98492530534652833     
          92         104  0.98187026875561811     
          92         105  0.98421193673278751     
           3         106  0.20053456125730845     
          39         106  0.67220271392747954     
         106         107   1.2815412001985456     
         106         108   1.2274169145954208     
         107         109   1.5074775873899708     
         107         110   1.0329797709549104     
         108         111   1.5552804124416528     
         108         112   1.0406493974284330     
         109         113  0.93325377956875355     
         106         114  0.18203555375914562     
         109         114   1.3582964152667454     
         111         114   1.3155003829929872     
         110         115   1.2133155470864398     
         110         116  0.91192479250725966     
         111         117  0.92730828108951047     
         112         118   1.2066940080463218     
         112         119  0.92205845463697789     
         114         120  0.97310368248097145     
         110         121  0.16280545576732072     
         115         121   1.6482538564698261     
         115         122   1.0123827005025972     
         112         123  0.16066464819151580     
         118         123   1.6492796815439728     
         118         124   1.0145442065356789     
         122         125  0.95854464450123056     
         122         126  0.96053159239247743     
         122         127  0.88029350188857969     
         125         127  0.92804440025267598     
         124         128  0.95751197040537506     
         124         129  0.96074923946004842     
         124         130  0.87956200170566701     
         128         130  0.94106469126817494     
         125         131  0.97083403768552856     
         125         132  0.97332952159159769     
         127         133  0.95957926263891324     
         127         134   1.0476880757937137     
         128         135  0.97081746416650772     
         128         136  0.96493255418377621     
         130         137  0.96076201356506785     
         130         138   1.0193564386120368     
         134         139   1.1227256356522386     
         134         140   1.6726264046860813     
         139         140  0.16550016286049857     
         138         141   1.1205547011740717     
         138         142   1.7038421866714799     
         141         142  0.16842581769596629     
         139         143  0.91452715938149320     
         141         144  0.90679884296103519     
         143         145   1.0056059416766916     
         143         146   1.0004004115152101     
         143         147  0.95839113440625501     
         144         148   1.0036860761022253     
         144         149   1.0073292642824736     
         144         150  0.96006270839233221     
         145         151  0.98422150159779986     
         145         152  0.98308101415999605     
         145         153  0.98165634623273623     
         146         154  0.98502785911651958     
         146         155  0.98217422062792248     
         146         156  0.98438935826764817     
         148         157  0.98497361207833489     
         148         158  0.98415464529765839     
         148         159  0.98144456341089137     
         149         160  0.98405050413935280     
         149         161  0.98133251825616219     
         149         162  0.98305666546345782     
          19         163  0.92762115734954875     
          22         164  0.84249805383846965     
          42         165  0.95233239789283575     
          45         166  0.95676509361758755     
          20         168  0.24663443781392985     
          23         168  0.19032474976175714     
          41         169   1.0249110005738942     
          46         170  0.98064954406945126     
          19         173  0.24308173702302108     
         171         173  0.10101267727896647     
         167         174   3.6915951022620459     
         173         174  0.11826440673454376     
         172         176  0.88579350253312894     
         173         176  0.18463510824930338     
         173         177  0.11191284781033982     
         173         178  0.31078952365113549     
         176         178  0.15225623289139473     
         172         179  0.93687925739947264     
         178         180  0.94612198265927516     
         178         181  0.79049508699046545     
         168         182  0.99016721238832495     
         182         183   1.9319176180567874     
         182         184  0.90807447951196452     
         183         185  0.82163035197285283     
         183         186  0.96987117615681817     
         184         187   2.1482373045000154     
         184         188  0.86243646125523421     
         185         189   2.1270797503509877     
         187         189  0.78409852757066556     
         185         190  0.92859469046438547     
         187         191  0.91694941243282257     
         189         192  0.93092951655482181     
         169         193  0.96251723038529535     
         193         194   1.7787765035126948     
         193         195   1.0196090873773691     
         194         196   1.0756346145897888     
         194         197  0.95085150912428473     
         195         198   1.8789982683048778     
         195         199  0.95393264274257650     
         196         200   1.8536992194144426     
         198         200   1.0467256546548380     
         196         201  0.95376989727654671     
         198         202  0.95435913170984876     
         200         203  0.96053571522326642     
         170         204  0.96248064330459238     
         204         205   1.5805334058957512     
         204         206   1.2178308582474233     
         205         207   1.2621011167262528     
         205         208  0.96557382561182159     
         205         209  0.10270542606224499     
         206         209   1.6599940835201519     
         206         210  0.96327807786683384     
         204         211  0.10328143738534074     
         207         211   1.6448728286170629     
         209         211   1.2193520109875922     
         207         212  0.96329677993864415     
         209         213  0.96932964904878927     
         211         214  0.97172521109051080     
          25         215   1.0144319137890958     
          47         215  0.15025989645257240     
         215         216   1.5340276900442089     
         216         217   1.1922656535245193     
         217         218   1.5519502178347633     
         218         219   1.3276054084871887     
         219         220   1.4539281139285272     
         216         221   1.0904460417494215     
         220         221   1.4105595021392667     
         171         222   1.5508149570464573     
         221         222  0.82815600687285451     
         171         223  0.42278945104237259     
         222         223  0.46130302885456759     
         176         224  0.48516738714768082     
         223         224   1.0784912284532227     
         171         225  0.12529926356763854     
         172         225  0.19763095943663644     
         176         225  0.93755327807910571     
         224         225  0.52617595373536130     
         172         226   1.0228260849424566     
         176         226  0.49046965999869080     
         178         226  0.10482332038398183     
         225         226  0.49818803610963863     
         172         227  0.37391317410783897     
         226         227  0.89167974182018606     
         227         228   1.5401378457207333     
         172         229  0.10882331564171746     
         224         229   1.4994589399106542     
         228         229   1.1954897021308948     
         217         230  0.93338521021241994     
         218         231  0.96051141610198199     
         219         232  0.96932971342152197     
         220         233  0.95209231829942698     
         222         234  0.80616656346901017     
         171         235  0.68492367389142073     
         222         235  0.13728689607794375     
          18         236  0.27276260192559598     
         223         236  0.62691625207878543     
         223         237  0.84685747243462717     
         176         238  0.41260119062488071     
         225         238  0.31429768970812000     
         181         239  0.15379204803067151     
         226         239  0.74218678816044181     
         227         240  0.93560130735010893     
         228         241  0.96350177133399673     
         229         242  0.95144882267907771     
