   -0.34658417
   -0.21582289
    0.07989857
   -0.08560812
   -0.03011213
   -0.16140762
   -0.02165404
    0.09020511
   -0.01557788
   -0.14115680
    0.13547533
   -0.24658880
    0.16826577
   -0.05924291
    0.05524184
    0.07881334
   -0.10682111
    0.28830152
   -0.15277773
   -0.07381161
    0.11289892
   -0.07578656
    0.21300220
   -0.18108561
   -0.43477559
    0.03223835
   -0.03528735
    0.09072564
   -0.04153261
   -0.14097372
    0.08478471
    0.24733321
   -0.17819572
    0.15181542
    0.09979568
   -0.00634058
   -0.04991423
    0.06426202
    0.08485013
   -0.04589532
    0.23583347
   -0.07117777
   -0.11074565
    0.13477211
   -0.05091973
    0.21174386
    0.67833277
   -0.23045658
   -0.02951461
    0.03782514
    0.02909257
   -0.03499749
   -0.13293759
   -0.02869007
   -0.14041972
    0.10298936
    0.07553688
    0.20412670
    0.23470469
    0.11351399
    0.21858204
    0.23730826
   -0.02714366
   -0.38825220
    0.04748113
   -0.41879542
    0.04893859
   -0.01246991
   -0.02121647
   -0.03407112
   -0.01540135
   -0.01700577
   -0.02856929
    0.06300008
    0.08044039
    0.09627383
    0.34348231
    0.05452132
    0.11376176
    0.09678510
    0.34018627
   -0.37629782
   -0.34671884
   -0.36090248
   -0.38796492
    0.14233528
    0.14506325
   -0.11433760
   -0.11646395
    0.01182916
   -0.11482910
   -0.11758700
    0.00830855
    0.03341235
    0.04546060
    0.04483477
    0.04597505
    0.04798499
    0.05128862
    0.04487701
    0.05237542
    0.04883575
    0.03804138
    0.04524823
    0.04391503
   -0.02193384
    0.09511625
    0.09015444
   -0.04964819
   -0.13071219
   -0.05663776
   -0.14868955
    0.09248190
   -0.03409352
    0.28072234
    0.21043933
    0.09599916
    0.28202808
    0.20534219
    0.08307722
   -0.40555149
   -0.04358616
   -0.43843332
   -0.04116671
   -0.05123503
    0.06578548
   -0.03890363
   -0.04552415
    0.06738093
   -0.03824763
    0.08191813
    0.06897137
    0.08677661
    0.35309929
    0.07699126
    0.09013618
    0.08889187
    0.35224650
   -0.29007603
   -0.45877002
   -0.30470938
   -0.44998731
    0.12093964
    0.12325467
   -0.12140400
   -0.11648292
    0.04937201
   -0.11532071
   -0.12050197
    0.04386412
    0.05633223
    0.06290412
    0.06112383
    0.04877196
    0.05890452
    0.05767919
    0.04707161
    0.05497354
    0.05561480
    0.05531924
    0.05888578
    0.06126752
   -0.04509678
   -0.08359090
    0.03650914
   -0.02675086
    0.03650366
   -0.34307738
   -0.22425567
   -0.26628307
    0.08704042
   -0.15952262
   -0.10174974
    0.04758137
    0.32262543
   -0.25518104
    0.05657406
    0.02031913
   -0.19987853
   -0.06125700
    0.07997585
    0.12660447
   -0.03307718
   -0.02725867
   -0.01437674
    0.05530483
   -0.03418050
    0.06525854
   -0.06312720
    0.01570865
    0.04636688
    0.08036245
    0.14451590
   -0.05317106
   -0.04985782
   -0.04834011
    0.04579296
   -0.00521976
    0.06205444
   -0.03475235
    0.06298962
    0.04061140
    0.05602319
    0.14735692
   -0.07594172
   -0.05903322
   -0.04704010
    0.03826221
   -0.02079081
    0.02972557
   -0.01550207
    0.06037404
    0.05299912
    0.01817877
   -0.32036093
    0.10926402
   -0.06289887
   -0.03642542
   -0.04843270
   -0.04278235
   -0.01644971
   -0.03979627
   -0.05480953
    0.01430053
   -0.01136076
   -0.06720567
   -0.02241880
   -0.04357255
   -0.06304245
    0.00680011
    0.01678736
    0.03529954
    0.02725064
    0.03529801
    0.04919410
    0.02705900
    0.08185221
    0.13733104
    0.07171833
    0.06503597
    0.05433385
    0.19641665
