   -0.27855342
   -0.17715703
    0.13760961
    0.00673498
    0.02329038
    0.04932171
    0.01410757
    0.03983070
    0.01226419
    0.01168454
    0.08843845
    0.17346289
   -0.14747100
   -0.04046694
    0.07060973
    0.05349142
   -0.01919375
    0.22647381
    0.01217863
   -0.11966474
    0.11992274
   -0.05767544
    0.12950523
   -0.12019695
   -0.17226070
    0.00558689
    0.00353350
    0.02312690
    0.04970287
   -0.06298719
    0.09052358
    0.07376172
    0.02230456
    0.08697380
   -0.04740015
    0.07448750
    0.00561787
    0.05927219
   -0.11525201
   -0.02641242
    0.15346468
   -0.01470897
   -0.13579612
    0.13810730
   -0.04543870
    0.12810204
    0.45268481
   -0.23278536
    0.01980838
    0.10570158
    0.10447096
   -0.03822434
   -0.44448379
   -0.03785999
   -0.46281693
    0.11123192
   -0.01376302
    0.25703913
    0.25336313
    0.11516947
    0.25793968
    0.28489162
    0.04956614
   -0.51079571
   -0.00813702
   -0.50346308
   -0.00544234
   -0.03716866
    0.05147990
   -0.04845270
   -0.04149211
    0.08022898
   -0.04566152
    0.07174647
    0.06519303
    0.10000847
    0.34933313
    0.07745851
    0.11809248
    0.10428967
    0.33927172
   -0.39632540
   -0.54656974
   -0.39279484
   -0.52079195
    0.09684138
    0.10178050
   -0.07445599
   -0.07605685
    0.08034846
   -0.07506444
   -0.07680344
    0.07857765
    0.07025196
    0.06388768
    0.04218114
    0.06632246
    0.04217575
    0.06399842
    0.06695920
    0.06513417
    0.04127509
    0.08193685
    0.04540089
    0.06463010
   -0.01045775
    0.08102015
    0.07950347
   -0.03083177
   -0.32871596
   -0.03322877
   -0.33660318
    0.11399813
   -0.03318001
    0.29567126
    0.17260283
    0.11735500
    0.29257753
    0.18771211
    0.05941294
   -0.52195080
   -0.03037679
   -0.51563427
   -0.02759062
   -0.04422019
    0.07736370
   -0.03878209
   -0.04497371
    0.09127982
   -0.03912210
    0.07696364
    0.06967288
    0.09720120
    0.35660213
    0.07974405
    0.11884218
    0.10159610
    0.35710944
   -0.40876470
   -0.53174950
   -0.40325351
   -0.52381940
    0.07625831
    0.07965960
   -0.07401995
   -0.07365767
    0.07877783
   -0.07398858
   -0.07463877
    0.08138311
    0.06633717
    0.06300930
    0.04148895
    0.07253442
    0.04257466
    0.06179258
    0.08366375
    0.06545073
    0.04442581
    0.06740095
    0.04342236
    0.06459542
    0.06818732
    0.05182163
    0.05733019
    0.05454553
   -0.44447862
   -0.36041476
   -0.38756970
   -0.37868221
    0.08823455
   -0.03619469
   -0.03564840
   -0.00789608
    0.08161845
   -0.06597563
    0.08294638
   -0.05705177
    0.03052788
    0.04941614
    0.04932729
    0.09747741
   -0.03716822
   -0.03162359
   -0.02515095
    0.07083655
   -0.02972449
    0.07911469
   -0.04420818
    0.04703438
    0.05438538
    0.05591442
    0.12045104
   -0.03673819
   -0.03489675
   -0.03701653
    0.06467407
   -0.02470115
    0.09491975
   -0.03308831
    0.05233114
    0.07809260
    0.05210017
    0.13220793
   -0.03722575
   -0.04272477
   -0.03925868
    0.07003023
   -0.03236233
    0.07560457
   -0.02802430
    0.05478254
    0.05356055
    0.04613452
   -0.27670332
    0.12045987
   -0.02828054
   -0.02543202
   -0.02760239
   -0.03018988
    0.00105379
   -0.04227190
   -0.04497252
    0.00104079
   -0.03709621
   -0.04289618
   -0.03513641
   -0.03309848
   -0.03168672
    0.08858755
    0.07807789
    0.08811430
    0.05553774
    0.05562099
    0.10077871
    0.09956061
    0.05584622
    0.04475332
    0.04380329
    0.05126677
    0.05080779
    0.08071220
