           1           4  0.12910714763254161     
           1           5  0.17205398560964419     
           4           5   1.3090526049114330     
           4           6  0.67709018360817785     
           4           7  0.14792772228012141     
           5           7   1.2856407103703564     
           7           8  0.41976564928140297     
           1           9  0.50944487351142720     
           4           9  0.58027623074685031     
           5           9  0.24037442326253056     
           7           9   1.1517593380006854     
           8           9  0.26644364851797092     
           7          10  0.10932776806993909     
           2          11   1.6020274630233300     
          10          11   1.5506539901754710     
           2          12  0.11967945331160224     
          10          12  0.21542355723692402     
          11          12  0.55843240838913399     
          12          13  0.96658897224095497     
          12          14  0.75798896533033633     
          14          15  0.90844898164682275     
           2          16  0.72797709412367073     
          14          16   2.1193373501421915     
          10          17  0.62176018757429241     
          10          18  0.15461256193407807     
          17          18   1.4624244428154431     
          10          19  0.10954412518982637     
          17          19  0.16041981480603734     
          18          19  0.18537971571473597     
          19          20   2.1443554985161448     
          20          21  0.96934424092052585     
          20          22  0.57175322097107950     
          17          23  0.71469583504002399     
          22          23   2.1947991642851514     
          12          26  0.10035626655518089     
          16          26  0.77606598320152143     
          24          27  0.10526259689420633     
          26          27   1.0509756439303171     
          24          28  0.15426549995898436     
          27          28   2.0525405614869485     
          24          29  0.10323253018531492     
          28          29  0.13525369584882421     
          26          30  0.16413707486145462     
          28          30   1.3135309088997564     
          29          30  0.58985921662485219     
          30          31  0.95491512696196656     
          24          32   1.9018927806712096     
          28          32  0.10573335145672517     
          24          33  0.29293698716814970     
          27          33  0.12074678663973418     
          32          33   1.7109523724662328     
          25          34   1.1214040712684750     
          33          34  0.29976279600694622     
          34          35   1.6516012587006310     
          35          36  0.82881321564062416     
          25          37  0.21714088653813193     
          33          37  0.10461940308578663     
          34          37  0.54443241143905619     
          35          37   1.4203976481165184     
          37          38  0.83930417138484226     
           3          39   3.8151023217582805     
          33          40  0.52571031928026779     
          40          41   1.8202813016579551     
          41          42  0.90070925612721986     
          40          43  0.11038148664496854     
          42          43   1.8286361006807919     
          43          44  0.97422554061191735     
          43          45  0.88613696752400484     
          40          46  0.91780281135703667     
          45          46   2.0299121144748962     
           1          47  0.87129836390236004     
           2          47  0.54302616286783212     
          24          47  0.36055948948568090     
          25          47  0.84729040597198158     
          37          47  0.11607177117806756     
          47          48   1.0530305859633675     
          26          49   1.7347696296026525     
          27          49  0.11569721227475323     
          49          50  0.88020944390925848     
          30          51  0.13328400253937175     
          49          51  0.77897323198826185     
          50          52   1.2311259822891214     
          51          52  0.11013872166779869     
          50          53   1.2438539931525228     
          51          54   1.3167706149257208     
          51          55   1.1780415840103069     
          52          56  0.88031201895719091     
          52          57   1.5535684819655753     
          54          57   1.5234310907696409     
          53          58   1.0355882852763869     
          53          59  0.91823764618028636     
          54          60  0.85098447253553300     
          55          61   1.0974021378158691     
          55          62  0.91853231804947533     
          57          63  0.80462635913920288     
          53          64  0.14632142386455893     
          58          64   1.7516315554976962     
          58          65  0.85365753045727666     
          55          66  0.15084460516447970     
          61          66   1.6935054098841194     
          61          67  0.91650828057454825     
          65          68   1.1629205170174977     
          65          69  0.86967084244300330     
          65          70  0.92636638598760601     
          68          70  0.82166260052364293     
          67          71   1.1375393534788258     
          67          72  0.87147862915439489     
          67          73  0.89979583870017121     
          71          73  0.81582967380283367     
          68          74  0.90935485565506646     
          68          75  0.93156312524371265     
          70          76  0.93597935593959358     
          70          77   1.0637763322358804     
          71          78  0.91118304876168654     
          71          79  0.93465925783515891     
          73          80  0.93122462048463028     
          73          81   1.1186856164046377     
          77          82  0.88823620103070600     
          77          83   1.8426764551392756     
          82          83  0.16532271165168066     
          81          84  0.90430529070585641     
          81          85   1.7729316626017819     
          84          85  0.15607694276430487     
          82          86   1.0057467922376986     
          84          87   1.0099340709652391     
          86          88  0.98328084579820973     
          86          89  0.98643451581911268     
          86          90  0.94758809440797032     
          87          91  0.98501288313922830     
          87          92  0.98062501449416495     
          87          93  0.94698314550152429     
          88          94  0.98739681279265346     
          88          95  0.98669688477171913     
          88          96  0.98721969295905643     
          89          97  0.98618770364111952     
          89          98  0.98602372050473641     
          89          99  0.98553100532340276     
          91         100  0.98626305130278269     
          91         101  0.98532096913708567     
          91         102  0.98596619257948148     
          92         103  0.98704479821187119     
          92         104  0.98765340913583533     
          92         105  0.98695400435239977     
           4         106  0.10299174172030458     
          25         106  0.24425286600740262     
         106         107   1.4878594200109516     
         106         108   1.3234433755368844     
         107         109   1.1511575109462127     
         107         110   1.1434987959913641     
         108         111   1.3971620022279954     
         108         112   1.0785368811825680     
         109         113  0.94408673665255349     
         109         114   1.5941763106030356     
         111         114   1.3249389021920897     
         110         115   1.1526271618804056     
         110         116  0.91467450543480189     
         111         117  0.94903256747211973     
         112         118   1.1925250641078622     
         112         119  0.92097116849584559     
         114         120  0.95876292569629162     
         110         121  0.15514614975937130     
         115         121   1.7320933296985099     
         115         122  0.96212019476535215     
         112         123  0.15958364007351333     
         118         123   1.6833914288285874     
         118         124  0.98789512095859333     
         122         125  0.96488347759767468     
         122         126  0.96506088482108277     
         122         127  0.90426908317107391     
         125         127  0.93616633347861089     
         124         128  0.97136253805333217     
         124         129  0.96299295947698493     
         124         130  0.86611880530914365     
         128         130  0.93795067157255363     
         125         131  0.97176746886008347     
         125         132  0.97277576256542420     
         127         133  0.96227470457069297     
         127         134   1.0141601090864640     
         128         135  0.96983447678101042     
         128         136  0.96384497101061406     
         130         137  0.96105848869763166     
         130         138   1.0404579480553826     
         134         139   1.1400416304053125     
         134         140   1.6897567361484747     
         139         140  0.16884912800952567     
         138         141   1.0992399312710452     
         138         142   1.6976497480802530     
         141         142  0.16360416427493302     
         139         143  0.90392167340632334     
         141         144  0.91905198765360696     
         143         145   1.0078015705455923     
         143         146   1.0032794567157304     
         143         147  0.95987961225732843     
         144         148   1.0011713000739706     
         144         149   1.0058408946946575     
         144         150  0.95891385662393247     
         145         151  0.98404261648224922     
         145         152  0.98295478728234997     
         145         153  0.98123362671503178     
         146         154  0.98480238898359662     
         146         155  0.98151423813552174     
         146         156  0.98409842353220900     
         148         157  0.98508652597060842     
         148         158  0.98461961996663616     
         148         159  0.98263811679544999     
         149         160  0.98430813226642855     
         149         161  0.98221444688198112     
         149         162  0.98334032537963634     
          19         163  0.81439844029506059     
          17         164  0.11840421037211663     
          22         164  0.79950247884190517     
          42         165  0.93047570572684923     
          45         166  0.86474819921200730     
          17         167  0.19257520443954443     
          18         167   1.8436881421535383     
          23         168  0.92402769535541773     
          40         169  0.11461389033623465     
          41         169   1.1172658213510047     
          46         170  0.89530406724517442     
         167         171  0.57376365816572406     
         171         172   1.2906477743200873     
         171         173   1.5063516570725104     
         172         174  0.71786343143599141     
         172         175  0.55522775775479805     
         173         176  0.88642313913897652     
         174         176  0.27326377478308966     
         173         177  0.96682222770045267     
         174         178   2.6432682612479859     
         176         179  0.20461130022694241     
         178         179  0.38986775937377888     
         176         180  0.94393201133507032     
         172         181  0.12153505669473738     
         178         181  0.73767684468713890     
         168         182  0.91863371464081744     
         182         183   1.3597281307782914     
         182         184   1.4061918146198591     
         183         185   1.5036984154178237     
         183         186  0.96200438596418658     
         183         187  0.10551021457232886     
         184         187   1.5001081460474566     
         184         188  0.95545697009331998     
         182         189  0.15214534430905979     
         185         189   1.4228298970639515     
         187         189   1.3718814251840048     
         185         190  0.95834768639425738     
         187         191  0.96996912874402241     
         189         192  0.97813021862111371     
         169         193  0.95092728714957508     
         193         194   1.2906792416676671     
         193         195   1.4812829282085667     
         194         196   1.5775400766675278     
         195         196  0.14118037655361018     
         194         197  0.96603087011916466     
         195         198   1.2864357516708751     
         195         199  0.96789748294341016     
         196         200   1.2408038206286067     
         198         200   1.6497058941359799     
         196         201  0.97581519596970345     
         198         202  0.94941710490399123     
         200         203  0.96463753664458418     
         170         204   1.0560005514167288     
         204         205   1.0310680451521184     
         204         206   1.7221376693873380     
         205         207   1.7813170714744024     
         205         208  0.97499320352647723     
         206         209   1.0979859689023634     
         206         210  0.94946531153095282     
         207         211   1.1241350061825603     
         209         211   1.8162965405343106     
         207         212  0.97094887688219600     
         209         213  0.95554800994204248     
         211         214  0.94969604893335868     
           1         215  0.60037753459255172     
          47         215  0.47657485201180738     
         215         216   1.5024742721363054     
         216         217   1.1607210822930660     
         217         218   1.5105770591022214     
         218         219   1.3726487747044298     
         219         220   1.4148141624567538     
         216         221   1.1653814142756707     
         220         221   1.4527755028412090     
         221         222   1.0254806564428744     
         222         223  0.94079566978572726     
         223         224   1.0217130948893502     
         172         225  0.51942539487243489     
         175         225  0.20229711453207910     
         224         225   1.0621012767461016     
         225         226  0.99564479762188696     
         226         227   1.5627232585746087     
         227         228   1.3244110341821407     
           5         229  0.13602124568894622     
           9         229  0.12835637149745818     
         224         229   1.4774388608431113     
         228         229   1.3578515124810842     
         217         230  0.96734272337919847     
         218         231  0.96447848263702052     
         219         232  0.97064323497582627     
         220         233  0.96610683962239230     
         222         234  0.96924884812994971     
         222         235  0.96555466204988727     
         223         236  0.95946417900495851     
         223         237  0.91984079991308410     
         225         238  0.91558717364460940     
         226         239  0.95980069976106630     
         227         240  0.96049305527676443     
         228         241  0.94145226356571954     
           9         242  0.40127003911384468     
         229         242  0.53474040162403569     
