   -0.20982709
   -0.21824814
   -0.04936415
    0.06089113
   -0.06402261
    0.00513897
   -0.05144876
    0.00002486
    0.06272485
   -0.00769947
    0.05985643
   -0.05667900
   -0.00910965
   -0.06917101
    0.00119163
    0.05367908
   -0.02913006
    0.13930020
   -0.07541029
   -0.03840826
    0.04591686
   -0.07483608
    0.13902362
   -0.31845504
   -0.25092738
   -0.06150361
    0.05452954
   -0.17145996
    0.05520869
    0.02742197
    0.55142261
    0.23405734
   -0.01672209
   -0.01250199
   -0.07012101
    0.01184412
   -0.07040412
    0.00945140
    0.05694278
   -0.05213628
    0.12564120
   -0.07328481
   -0.04238594
    0.05950798
   -0.06488530
    0.07627808
    0.72201031
   -0.66515553
   -0.02921594
    0.06618351
    0.07067633
   -0.05806980
   -0.15822805
   -0.05743971
   -0.15857565
    0.06857217
   -0.03382514
    0.27302461
    0.19931000
    0.07206152
    0.27466342
    0.20585030
    0.04345738
   -0.46708397
   -0.03970480
   -0.46713920
   -0.03756413
   -0.04954678
    0.06250118
   -0.04093554
   -0.05028900
    0.07063549
   -0.04012489
    0.07614091
    0.06996248
    0.08275553
    0.35396297
    0.07464597
    0.08859225
    0.07957523
    0.35606758
   -0.29462517
   -0.45359145
   -0.29901722
   -0.45407991
    0.11887292
    0.12267857
   -0.11510902
   -0.12082257
    0.05178614
   -0.11782868
   -0.11503301
    0.04360498
    0.04634372
    0.05957683
    0.05939966
    0.05460792
    0.06072420
    0.06320091
    0.05292606
    0.06356968
    0.05881648
    0.04819648
    0.05792896
    0.05757971
   -0.02634487
    0.06844812
    0.07115783
   -0.05733157
   -0.16138920
   -0.05690485
   -0.16020952
    0.06734392
   -0.03437107
    0.27396431
    0.20110451
    0.06818556
    0.27492333
    0.19900317
    0.04231708
   -0.46625917
   -0.03762423
   -0.46918221
   -0.03548861
   -0.04947550
    0.06016711
   -0.04016015
   -0.04714340
    0.06770690
   -0.03993159
    0.07756617
    0.07015142
    0.08107175
    0.35542467
    0.07074734
    0.08566245
    0.07827682
    0.35541551
   -0.29261545
   -0.45810899
   -0.29908488
   -0.45102698
    0.12024422
    0.12036467
   -0.12048582
   -0.11589503
    0.05037066
   -0.11593530
   -0.12076320
    0.04954921
    0.05507888
    0.06313026
    0.06109353
    0.04923102
    0.05939117
    0.05826856
    0.04956204
    0.05649698
    0.05852302
    0.05535025
    0.06092155
    0.06207842
    0.03821693
    0.03859819
    0.05526321
    0.06606154
   -0.29457832
   -0.29129633
   -0.28370725
   -0.07967268
    0.14109906
   -0.04666660
   -0.04582311
   -0.03175798
    0.04629372
   -0.03126553
    0.04769456
   -0.03631177
    0.04789736
    0.04857411
    0.04851222
    0.14113630
   -0.04862764
   -0.04580009
   -0.03215828
    0.03991611
   -0.03031930
    0.04792603
   -0.03768032
    0.04600943
    0.04893726
    0.04725617
    0.13257407
   -0.05935367
   -0.04373123
   -0.03143589
    0.04140904
   -0.02325454
    0.05241191
   -0.03461365
    0.04661630
    0.05278370
    0.04562299
    0.10698862
   -0.04719513
   -0.12518632
   -0.02769714
    0.05498906
   -0.03109711
    0.17211837
   -0.03204608
    0.05596668
    0.05905098
    0.05257170
   -0.40753153
    0.07659921
   -0.04406547
   -0.04167859
   -0.04955168
   -0.05190543
   -0.02695329
   -0.17909371
   -0.11346939
    0.13470303
   -0.03712102
    0.05109272
   -0.19781182
   -0.12464485
   -0.21226498
    0.01423325
    0.01149464
    0.01866786
    0.01289734
    0.23354877
   -0.00323562
    0.11371541
    0.20591289
    0.44128293
    0.11648540
    0.16535715
    0.10465257
    0.13553535
