   -0.20447854
   -0.20966895
   -0.01978251
    0.07381272
   -0.04833411
    0.04509762
   -0.03886885
    0.03915776
    0.08100189
    0.00985476
    0.07905308
   -0.04252457
    0.03589804
   -0.05083188
    0.04235497
    0.07162566
   -0.03148121
    0.14244183
   -0.07372669
   -0.03510939
    0.05468983
   -0.07272478
    0.14202518
   -0.20499550
   -0.21016171
   -0.01807950
    0.07204597
   -0.05094553
    0.04342667
   -0.04274268
    0.03940195
    0.07798306
    0.00911240
    0.07896499
   -0.04308094
    0.03516389
   -0.05335295
    0.04227416
    0.06963229
   -0.02923430
    0.13988227
   -0.06995463
   -0.03523596
    0.05699072
   -0.07034530
    0.14191052
    0.84410936
   -0.56436917
   -0.02715958
    0.07157571
    0.07550835
   -0.05511699
   -0.15912991
   -0.05417009
   -0.16048577
    0.07681913
   -0.03155927
    0.27598411
    0.19520382
    0.07860245
    0.27795663
    0.19804744
    0.05356714
   -0.45859205
   -0.04092496
   -0.46062511
   -0.03811758
   -0.05272051
    0.05789638
   -0.04239101
   -0.04885686
    0.06702651
   -0.04143754
    0.07955019
    0.07342077
    0.08369017
    0.35786468
    0.07319842
    0.08695531
    0.08065553
    0.35838947
   -0.28921281
   -0.45762036
   -0.29476213
   -0.45359274
    0.11772815
    0.12146734
   -0.11875087
   -0.12455034
    0.05294951
   -0.12207691
   -0.11869237
    0.04490489
    0.04740172
    0.06013779
    0.06147831
    0.05681082
    0.06298386
    0.06445467
    0.05538743
    0.06458198
    0.06150667
    0.04929229
    0.06025926
    0.05824063
   -0.02855204
    0.07319948
    0.07517708
   -0.05333601
   -0.15784368
   -0.05402692
   -0.16103313
    0.07704325
   -0.03130155
    0.27754342
    0.19230815
    0.07722187
    0.27768619
    0.19725085
    0.05401944
   -0.45671560
   -0.03841939
   -0.45987709
   -0.03796619
   -0.05125519
    0.05489714
   -0.04062813
   -0.04927893
    0.06444669
   -0.04102135
    0.07817924
    0.06944337
    0.08210170
    0.35793727
    0.07507216
    0.08617127
    0.07988461
    0.35822918
   -0.28569065
   -0.45861075
   -0.29418771
   -0.45353370
    0.12008541
    0.12021678
   -0.12485950
   -0.11973319
    0.04962333
   -0.11726728
   -0.12414189
    0.04833056
    0.06053548
    0.06340307
    0.06185438
    0.04959047
    0.06061552
    0.05870447
    0.04775313
    0.05777252
    0.05922358
    0.05742204
    0.06248126
    0.06418646
    0.04703646
    0.04712203
    0.05304441
    0.04974177
   -0.29048777
   -0.29010963
   -0.28327794
   -0.28781946
    0.13723998
   -0.04866394
   -0.04786466
   -0.03246985
    0.05186068
   -0.03100457
    0.04998658
   -0.03534169
    0.05103595
    0.05056676
    0.04993434
    0.13850484
   -0.05000024
   -0.04713421
   -0.03190039
    0.04270482
   -0.03012421
    0.05164965
   -0.03656592
    0.04794500
    0.05121717
    0.04824767
    0.13792395
   -0.05518276
   -0.04563373
   -0.03214342
    0.04105216
   -0.02662278
    0.04477538
   -0.03808884
    0.04546321
    0.05323297
    0.04663444
    0.13807769
   -0.05095585
   -0.04875113
   -0.03222494
    0.04164350
   -0.03043491
    0.05159633
   -0.03722388
    0.04915205
    0.05056778
    0.04860565
   -0.29568724
    0.11183375
   -0.21502761
    0.49094581
   -0.20425622
   -0.20938857
   -0.16104901
   -0.04319137
   -0.05807092
    0.00910749
   -0.03671709
   -0.03049635
   -0.02589714
   -0.03563613
    0.03352132
    0.03516952
    0.03636760
    0.03470043
    0.01986972
    0.03199807
    0.02992587
    0.03643565
    0.03240567
    0.02717287
    0.02117838
    0.01024236
    0.02646143
    0.05077851
    0.04391205
    0.05371511
    0.05039149
    0.04548428
    0.03809914
