           1           4   1.2484869757749186     
           3           4   1.3007274540257470     
           4           5   1.1692413277636884     
           5           6  0.96623251742357397     
           5           7   1.6444334374355596     
           7           8  0.96902307095694362     
           1           9   1.2410308272757942     
           7           9   1.1683637309775334     
           9          10   1.3090748400891314     
           2          11   1.2499446714529547     
          10          11   1.3139091123543616     
          11          12   1.1625385985432475     
          12          13  0.97003450843291461     
          12          14   1.6592673871066843     
          14          15  0.96956566725314131     
           2          16   1.2481210328780545     
          14          16   1.1622000070020397     
          10          17   1.0041458720154774     
          17          18   1.3383235531888527     
          18          19   1.3642319302366761     
          17          20  0.10046848387662530     
          19          20   1.4385597705307613     
          20          21  0.96819680570882638     
          20          22   1.4418883465253629     
          17          23   1.3380424451804593     
          22          23   1.3623430991068106     
          16          26   1.3110168131475628     
          24          27   1.2487778121995918     
          26          27   1.3004088804799971     
          27          28   1.1707012391794687     
          28          29  0.96933105745442871     
          28          30   1.6459616698107262     
          30          31  0.96976787708402701     
          24          32   1.2403820101162628     
          30          32   1.1716040638277385     
          32          33   1.3109068881410277     
          25          34   1.2499269099695653     
          33          34   1.3108527957888561     
          34          35   1.1655398254765190     
          35          36  0.97013570448034669     
          35          37   1.6553290075295277     
          37          38  0.96930799089623887     
           3          39   1.3092136797339240     
          25          39   1.2451423708404228     
          37          39   1.1634866983600498     
          33          40   1.0054425395424245     
          40          41   1.3381623361622446     
          41          42   1.3671626983240319     
          42          43   1.4387267275138584     
          43          44  0.96794530645558119     
          43          45   1.4408054532808694     
          40          46   1.3397343564422894     
          45          46   1.3639007023962741     
           1          47  0.59631554424403532     
           2          47  0.57693462151565289     
          24          47  0.59099916257174745     
          25          47  0.57997523344456703     
          47          48  0.58979149854873203     
          26          49  0.99733027685270759     
          49          50   1.3473025755926074     
          49          51   1.3391049699121671     
          50          52   1.3697564169072682     
          50          53   1.0637401068515144     
          51          54   1.3645064350684530     
          51          55   1.0761524317579330     
          52          56  0.95765031959093383     
          52          57   1.4385834498938004     
          54          57   1.4441288937793209     
          53          58   1.2158339533733296     
          53          59  0.92221928139565079     
          54          60  0.95570865023222784     
          55          61   1.2053924591553555     
          55          62  0.91850016428310499     
          57          63  0.96802156104887616     
          53          64  0.16661893157711422     
          58          64   1.6590044157518034     
          58          65  0.99079213186493942     
          55          66  0.16013977895790218     
          61          66   1.6574291227204121     
          61          67  0.99942282809203742     
          65          68  0.95793984669783527     
          65          69  0.96627138067994944     
          65          70  0.89306928975663125     
          68          70  0.94549829813359032     
          67          71  0.95593344451886320     
          67          72  0.96426579293579895     
          67          73  0.88649361477307143     
          71          73  0.94298368220922357     
          68          74  0.97301540565330402     
          68          75  0.97443528692296799     
          70          76  0.96368587912181014     
          70          77   1.0060100539629808     
          71          78  0.97388048233662794     
          71          79  0.96750552090913622     
          73          80  0.96335448527725764     
          73          81   1.0130747797526312     
          77          82   1.1468157859348245     
          77          83   1.6957841816109340     
          82          83  0.17048594691190969     
          81          84   1.1324948468729634     
          81          85   1.6987247258983096     
          84          85  0.16693563860675067     
          82          86  0.89950736900629991     
          84          87  0.90422018148366168     
          86          88   1.0022896115971915     
          86          89   1.0073475345614418     
          86          90  0.96106661840969843     
          87          91   1.0068365016906975     
          87          92   1.0028384287923291     
          87          93  0.96163968557512280     
          88          94  0.98561006657765482     
          88          95  0.98452076778970632     
          88          96  0.98165142755900747     
          89          97  0.98422587167463815     
          89          98  0.98114684987603373     
          89          99  0.98327856535910863     
          91         100  0.98474463542254143     
          91         101  0.98341001406516459     
          91         102  0.98189600269952138     
          92         103  0.98509793489251651     
          92         104  0.98198427295692503     
          92         105  0.98454266230437049     
           3         106   1.0013952048332853     
         106         107   1.3433392760576870     
         106         108   1.3387951440099983     
         107         109   1.3706215800624402     
         107         110   1.0639289393089888     
         108         111   1.3654453541744709     
         108         112   1.0751694796207252     
         109         113  0.95797881580449062     
         109         114   1.4377869391399425     
         111         114   1.4434751790832183     
         110         115   1.2119053634840609     
         110         116  0.91962423216894784     
         111         117  0.95680713903662307     
         112         118   1.2047600766600268     
         112         119  0.91929241507308257     
         114         120  0.96806145719102732     
         110         121  0.16625052665347245     
         115         121   1.6624242757466576     
         115         122  0.99004799544821043     
         112         123  0.16071533264742505     
         118         123   1.6581859491051025     
         118         124  0.99952527946146430     
         122         125  0.95522378532859209     
         122         126  0.96541252170843905     
         122         127  0.89905566873179732     
         125         127  0.94322230242126937     
         124         128  0.95776076282101663     
         124         129  0.96507628674625678     
         124         130  0.88248065771682227     
         128         130  0.94529272323755986     
         125         131  0.97330959016892671     
         125         132  0.97467587765346775     
         127         133  0.96414737188579369     
         127         134   1.0041446188714778     
         128         135  0.97339695061511688     
         128         136  0.96709159243263776     
         130         137  0.96408793951926020     
         130         138   1.0119854442010634     
         134         139   1.1500505038034001     
         134         140   1.6925720036735128     
         139         140  0.17075729284570593     
         138         141   1.1342218731360265     
         138         142   1.6987847798239046     
         141         142  0.16737437151464246     
         139         143  0.89906286365500343     
         141         144  0.90349672730760433     
         143         145   1.0070944618083304     
         143         146   1.0034373044405955     
         143         147  0.96133064537932755     
         144         148   1.0024795147525725     
         144         149   1.0073589589869687     
         144         150  0.96144193987611326     
         145         151  0.97983779092189494     
         145         152  0.98339497581503521     
         145         153  0.98138174966361458     
         146         154  0.98505086652953944     
         146         155  0.98152950935974026     
         146         156  0.98429909082635292     
         148         157  0.98525593772828890     
         148         158  0.98477524221063850     
         148         159  0.98208496814618840     
         149         160  0.98424676444682391     
         149         161  0.98163659086078614     
         149         162  0.98342528066697232     
          19         163  0.96394445843472731     
          22         164  0.96427924294645828     
          42         165  0.96412724153042151     
          45         166  0.96449028796960101     
          18         167   1.0360160027841212     
          23         168   1.0355190517552684     
          41         169   1.0328641926831184     
          46         170   1.0347821756345033     
         167         171  0.97375747344305963     
         171         172   1.3938796798976945     
         171         173   1.3964510820856049     
         172         174   1.4411742006526544     
         173         174  0.11157302104108081     
         172         175  0.96032874363750143     
         172         176  0.11170669140255074     
         173         176   1.4404568721156779     
         173         177  0.96796898199571679     
         171         178  0.10430227993703099     
         174         178   1.4379414317696528     
         176         178   1.4390342748599716     
         174         179  0.96906205250250421     
         176         180  0.96912138230190625     
         178         181  0.96926954107184704     
         168         182  0.98495926732690087     
         182         183   1.3881461809049616     
         182         184   1.3895963189106584     
         183         185   1.4435318339658010     
         184         185  0.11062251793352866     
         183         186  0.96820906865406231     
         183         187  0.11087086679268568     
         184         187   1.4424578072987837     
         184         188  0.96773471309355130     
         182         189  0.10231335166075542     
         185         189   1.4362442217430793     
         187         189   1.4379499365569717     
         185         190  0.96938352262255478     
         187         191  0.96909856352625046     
         189         192  0.96942440683421005     
         169         193  0.99879787501821915     
         193         194   1.3819010438248165     
         193         195   1.3765538331050295     
         194         196   1.4410902520851532     
         195         196  0.10984790312085352     
         194         197  0.96739822290541344     
         194         198  0.10871044036858561     
         195         198   1.4492080134556831     
         195         199  0.96774844628897394     
         193         200  0.10027033578067467     
         196         200   1.4379291024643244     
         198         200   1.4321086330848674     
         196         201  0.96960194047351034     
         198         202  0.96810437196576227     
         200         203  0.96963526769529740     
         170         204  0.98872144016353114     
         204         205   1.3865057353708048     
         204         206   1.3860684563366306     
         205         207   1.4434793983854615     
         206         207  0.11046867302244338     
         205         208  0.96804877326014516     
         205         209  0.11034121473995857     
         206         209   1.4438756420208219     
         206         210  0.96775683491155606     
         204         211  0.10155162003338708     
         207         211   1.4363404773311412     
         209         211   1.4369962600621859     
         207         212  0.96930083291007718     
         209         213  0.96918162889352610     
         211         214  0.96939618364731861     
          47         215   1.5596134728368278     
         215         216   1.4145277679534920     
         217         218  0.89549966652624835     
         218         219  0.89019099608297236     
         218         220  0.89099833368155867     
         218         221  0.85399157972524808     
         221         222   1.0209192728765013     
         222         223  0.97646959707100978     
          47         224  0.10169173644260443     
         216         224   1.1646679511627596     
         223         224   1.0200955592479621     
         224         225   1.4611228677922816     
         225         226   1.4138189474813216     
         226         227   1.3710255549321246     
          47         228  0.10375593526629168     
         216         228   1.1673680863655072     
         227         228   1.5235978209813368     
         217         229  0.98810382952813391     
         217         230  0.98859446290520903     
         217         231  0.98725232344484182     
         219         232  0.98906550352999201     
         219         233  0.98721830465391558     
         219         234  0.98576176131689852     
         220         235  0.98360034170190380     
         220         236  0.98949311899152337     
         220         237  0.98838995022246123     
         221         238  0.97335062757735147     
         221         239  0.97828562884478765     
         222         240  0.97991205483681809     
         222         241  0.98006961355610467     
         223         242  0.95954413896417778     
         223         243  0.96132347331799062     
         225         244  0.96165444562451641     
         226         245  0.97017634207978376     
         227         246  0.96157952523325030     
         228         247  0.96584067203524981     
