   -0.27746312
   -0.54461653
    0.03390856
    0.15831489
    0.04055007
    0.12347898
   -0.04993324
    0.11307878
    0.00214310
    0.01309874
    0.01041189
   -0.06094495
    0.07894996
    0.00352676
    0.10389592
   -0.00573913
    0.05237196
    1.57364228
    0.17673986
   -0.06850315
    0.05161720
   -0.02323280
    0.11871446
   -0.41547249
   -0.58255788
    0.07953798
   -0.09589525
   -0.02067161
    0.05694839
   -0.03730970
    0.06450668
   -0.10488449
   -0.04267843
    0.06373325
    0.00725588
   -0.05157551
   -0.43100278
    0.44153148
    0.03517534
    0.18708689
   -0.03870159
   -0.01873369
   10.22427871
    0.06390353
   -0.04190989
   -0.05975657
    0.54006132
    0.28713248
    0.01871882
    0.10401706
    0.10706695
   -0.10491033
   -1.61321838
   -0.05796641
   -0.39426484
    0.18315919
    0.01711033
    0.45075693
    1.12063302
    0.13263996
    0.28299319
    0.24142111
    0.04960993
   -0.49456670
   -0.03381995
   -0.51504625
   -0.01289232
   -0.03243804
    0.08227430
   -0.03397734
   -0.05862255
    0.09836326
   -0.03703421
    0.07530288
    0.07528555
    0.09905798
    0.32052647
    0.09305534
    0.13139142
    0.11050617
    0.34663645
   -0.41381586
   -0.49483647
   -0.40414646
   -0.49828304
    0.07874080
    0.08034280
   -0.07446398
   -0.07657926
    0.08806361
   -0.07607541
   -0.07683094
    0.09030689
    0.07489426
    0.07045926
    0.04943497
    0.07135557
    0.04875635
    0.06964549
    0.07800205
    0.07285081
    0.05298008
    0.08868899
    0.05465469
    0.07142237
   -0.01874289
    0.08183228
    0.09340748
   -0.03374664
   -0.40489435
   -0.03141133
   -0.39362569
    0.12088925
   -0.03265588
    0.33384382
    0.25446214
    0.12405403
    0.30704180
    0.23690014
    0.06803930
   -0.53887242
   -0.03710819
   -0.51464855
   -0.03132336
   -0.05122063
    0.08906778
   -0.02554322
   -0.05486925
    0.09316511
   -0.01895202
    0.08354567
    0.07976955
    0.10024841
    0.39240501
    0.09529613
    0.13412973
    0.10637297
    0.44057409
   -0.43570823
   -0.53022104
   -0.44332886
   -0.55720993
    0.06233942
    0.05466373
   -0.07436135
   -0.07415283
    0.08354038
   -0.07379528
   -0.07347499
    0.08207874
    0.07411247
    0.06927498
    0.04753829
    0.07660733
    0.04804571
    0.06762777
    0.08250902
    0.06999790
    0.04900709
    0.07302765
    0.04837599
    0.07059077
    0.09871050
    0.08400257
    0.05983657
    0.04453575
   -1.62363872
   -0.51832293
  -10.41836501
   -0.40318896
   -0.28041603
   -0.02173400
    0.00782414
   -0.06344835
    0.06576262
   -0.03486363
    0.05475729
   -0.00597929
    0.08127657
    0.05674980
    0.04488593
   -0.04876415
   -0.04180462
    0.16606041
   -0.01113273
    0.09355666
    0.04778237
   -0.11315447
   -0.08403343
    0.04225278
    0.05385866
    0.09349508
    0.00133497
   -0.01804117
   -0.01637576
   -0.01333294
    0.06063900
   -0.01603538
    0.08579837
   -0.04549229
    0.05395760
    0.07965005
    0.06602321
   -0.07481201
   -0.01059689
   -0.10673598
   -0.20431105
   -0.00075484
   -0.03997935
    0.05749378
   -0.02938851
    0.20148949
    0.08427857
    0.05237622
   -0.23598827
    0.13955956
   -0.04291430
   -0.02544931
   -0.02973975
   -0.02501985
    0.09289877
    0.03243957
   -0.01679632
   -0.00020748
    0.12295238
   -0.03458461
   -0.06238989
   -0.03032324
   -0.04650906
    0.09207266
    0.06202511
    0.09204510
    0.08151898
    0.02318339
    0.12138657
    0.09409622
    0.32971510
    0.08011469
    0.07411804
    0.05178613
    0.05891949
    0.05153978
