   -0.19997006
   -0.19755999
   -0.02339008
    0.06901503
   -0.05444820
    0.03081797
   -0.04468558
    0.02544172
    0.07565712
    0.00759639
    0.07509767
   -0.04715790
    0.02240708
   -0.05562796
    0.02875324
    0.06693880
   -0.02981777
    0.14098533
   -0.07431027
   -0.03637848
    0.05159142
   -0.07318888
    0.14139495
   -0.21084607
   -0.20104465
   -0.02217379
    0.06821501
   -0.05466050
    0.02735848
   -0.04744049
    0.02522325
    0.07332744
    0.00092506
    0.07486964
   -0.05160932
    0.02428225
   -0.05843412
    0.02995345
    0.06368310
   -0.02616726
    0.13220600
   -0.07269978
   -0.03664107
    0.05336104
   -0.06966377
    0.14170959
    0.74774555
   -0.61692584
   -0.02734348
    0.07059209
    0.07474904
   -0.05643796
   -0.15681701
   -0.05546957
   -0.15931666
    0.07456390
   -0.03231943
    0.27394379
    0.19340253
    0.07623978
    0.27640023
    0.19732899
    0.04958955
   -0.46280015
   -0.03860028
   -0.46313199
   -0.03551457
   -0.04799916
    0.06048533
   -0.04046756
   -0.04724473
    0.06767871
   -0.03985164
    0.07780558
    0.06941074
    0.08275615
    0.35452799
    0.07269156
    0.08765613
    0.08106059
    0.35605530
   -0.29406339
   -0.45420851
   -0.29805636
   -0.45252086
    0.11900012
    0.12230772
   -0.11515138
   -0.12082310
    0.05327114
   -0.11826867
   -0.11539289
    0.04472443
    0.04752668
    0.05757171
    0.05933776
    0.05569177
    0.06149186
    0.06266167
    0.05344093
    0.06368439
    0.05991027
    0.04797354
    0.05897868
    0.05744101
   -0.02751410
    0.06977171
    0.07475706
   -0.05683676
   -0.16053368
   -0.05489384
   -0.15977742
    0.07405156
   -0.03240922
    0.27285435
    0.19892163
    0.07337968
    0.27624403
    0.19775492
    0.04808691
   -0.46636780
   -0.07033126
   -0.46311945
   -0.03573403
   -0.06276670
    0.08494152
   -0.04086613
   -0.04763687
    0.06565592
   -0.03940181
    0.07836939
    0.05588461
    0.09931945
    0.24235547
    0.07417464
    0.08619758
    0.08047934
    0.35589241
   -0.27166952
   -0.04295527
   -0.29758517
   -0.45245752
    0.06153609
    0.12101230
   -0.12400393
   -0.12567756
    0.12555529
   -0.11366603
   -0.12054866
    0.04793646
    0.05622632
    0.05997030
    0.06154100
    0.04428515
    0.05963682
    0.06120008
    0.04708080
    0.05633904
    0.05721852
    0.05643829
    0.06089949
    0.06295212
    0.04437821
    0.04463777
    0.05341739
    0.04606620
   -0.29372692
   -0.28896215
   -0.27430572
   -0.28662572
    0.13956732
   -0.04802014
   -0.04564176
   -0.03185848
    0.04987218
   -0.03078331
    0.04652515
   -0.03575753
    0.05034377
    0.04886392
    0.04959039
    0.13969124
   -0.04928955
   -0.04629277
   -0.03185463
    0.04089178
   -0.03003309
    0.05035844
   -0.03693341
    0.04664113
    0.05019312
    0.04784874
    0.13697880
   -0.05536928
   -0.11257446
   -0.03351284
    0.03598769
   -0.11315734
    0.14131487
   -0.03850595
    0.03684796
    0.14044618
    0.04004203
    0.13877275
   -0.05072277
   -0.04797406
   -0.03236230
    0.04141783
   -0.03014159
    0.04963905
   -0.03739716
    0.04820015
    0.04880906
    0.04792937
   -0.34622961
    0.08631142
   -0.04490473
   -0.03927157
   -0.04309539
   -0.05611359
   -0.00462806
   -0.16396099
   -0.06140679
   -0.03389915
    0.09366253
    0.03112636
   -0.07162345
   -0.07002584
   -0.04606032
    0.01508048
    0.02385883
    0.03412495
    0.03783674
    0.22512482
    0.04763340
    0.04318426
    0.04602830
    0.12547373
    0.09073428
    0.07108255
    0.03435706
    0.03609570
