   -0.20415357
   -0.20689166
   -0.02003497
    0.07185158
   -0.04980922
    0.04233084
   -0.04095008
    0.03830447
    0.07915750
    0.01026258
    0.07909530
   -0.04290248
    0.03417309
   -0.05118582
    0.04116698
    0.07090042
   -0.03104256
    0.14201464
   -0.07345094
   -0.03507948
    0.05437590
   -0.07251543
    0.14223258
   -0.20068967
   -0.21030096
   -0.01839027
    0.07115001
   -0.05197366
    0.04186686
   -0.04291828
    0.03807628
    0.07838664
    0.00903821
    0.07854640
   -0.04340652
    0.03373449
   -0.05351717
    0.04081047
    0.06882961
   -0.02872498
    0.13995127
   -0.06985881
   -0.03535461
    0.05685516
   -0.07026436
    0.14205385
    0.82352039
   -0.56733018
   -0.02711046
    0.07135715
    0.07552585
   -0.05520977
   -0.15879360
   -0.05408104
   -0.16041858
    0.07647423
   -0.03160864
    0.27588977
    0.19481393
    0.07822065
    0.27805683
    0.19825514
    0.05314887
   -0.45925015
   -0.04070795
   -0.46083152
   -0.03804837
   -0.05239986
    0.05931441
   -0.04210200
   -0.04873430
    0.06714161
   -0.04141344
    0.07880995
    0.07361177
    0.08276675
    0.35783880
    0.07314804
    0.08685250
    0.08057416
    0.35842315
   -0.28904986
   -0.45779777
   -0.29482505
   -0.45361915
    0.11826371
    0.12151699
   -0.11853982
   -0.12469762
    0.05312249
   -0.12197118
   -0.11858599
    0.04477974
    0.04747799
    0.05980958
    0.06176698
    0.05678982
    0.06310579
    0.06415875
    0.05533872
    0.06457124
    0.06143734
    0.04923684
    0.06018146
    0.05823386
   -0.02769081
    0.07154832
    0.07542649
   -0.05494408
   -0.16066156
   -0.05391470
   -0.16077669
    0.07618896
   -0.03141832
    0.27619366
    0.19439404
    0.07697038
    0.27783343
    0.19737227
    0.05338262
   -0.45743049
   -0.03883451
   -0.46017844
   -0.03780494
   -0.05052747
    0.05770566
   -0.04151885
   -0.04908345
    0.06448659
   -0.04094250
    0.07763587
    0.07010365
    0.08240734
    0.35885221
    0.07485127
    0.08612233
    0.07976568
    0.35827539
   -0.28827019
   -0.45683768
   -0.29425232
   -0.45335496
    0.12079779
    0.12024053
   -0.12106317
   -0.11950607
    0.05011718
   -0.11717676
   -0.12405796
    0.04832177
    0.05650502
    0.06318067
    0.06135485
    0.05037288
    0.06097380
    0.05859075
    0.04775360
    0.05770688
    0.05922033
    0.05738377
    0.06246533
    0.06414040
    0.04626543
    0.04705991
    0.05279509
    0.04960181
   -0.29614956
   -0.28992714
   -0.28474145
   -0.28770363
    0.13759783
   -0.04531926
   -0.04778436
   -0.02680429
    0.04673019
   -0.03121872
    0.04969352
   -0.03350313
    0.04801643
    0.05081334
    0.04959981
    0.13868673
   -0.04984875
   -0.04685783
   -0.03185742
    0.04261818
   -0.03003615
    0.05118472
   -0.03655957
    0.04798634
    0.05106913
    0.04827605
    0.13767896
   -0.05469036
   -0.04539226
   -0.03239409
    0.04124674
   -0.02611579
    0.04627981
   -0.03858233
    0.04581673
    0.05492479
    0.04649149
    0.13820273
   -0.05088010
   -0.04866670
   -0.03220019
    0.04151041
   -0.03041959
    0.05156388
   -0.03724249
    0.04900886
    0.05048983
    0.04850280
   -0.29912652
    0.10547589
   -0.12379268
    0.02599279
   -0.03822659
   -0.04033140
    0.01222423
   -0.05026467
   -0.06128221
    0.01376944
   -0.04247915
   -0.03530580
   -0.03794558
   -0.03257183
   -0.03817913
   -0.04487545
    0.06387397
    0.05272727
    0.07475045
    0.04881135
    0.03423465
    0.05600159
    0.04324956
    0.04377211
    0.05471984
    0.02331945
    0.03397828
    0.03230748
    0.02925124
    0.03324583
    0.06130476
