           1           4   1.2470879780223996     
           3           4   1.3022307574844147     
           4           5   1.1684101762242338     
           5           6  0.96944379891885901     
           5           7   1.6491668880168837     
           7           8  0.96976924935338960     
           1           9   1.2413217187819545     
           7           9   1.1693693183863740     
           9          10   1.3147157722545502     
           2          11   1.2528948978848526     
          10          11   1.3116522554553933     
          11          12   1.1627634998944896     
          12          13  0.97016107033045795     
          12          14   1.6593629166507362     
          14          15  0.96966759156618598     
           2          16   1.2473928531643150     
          14          16   1.1618487610963024     
          10          17   1.0041512756699860     
          17          18   1.3392970579444790     
          18          19   1.3649496057506343     
          17          20  0.10061022614497844     
          19          20   1.4382364536556429     
          20          21  0.96822965485616419     
          20          22   1.4420557175979212     
          17          23   1.3379288058566561     
          22          23   1.3623278699752692     
          16          26   1.3112921030214195     
          24          27   1.2475652684122003     
          26          27   1.2987401824170328     
          27          28   1.1702501064490929     
          28          29  0.96943478756796175     
          28          30   1.6459902312886905     
          30          31  0.96989593461261925     
          24          32   1.2431253470097086     
          30          32   1.1719004064330627     
          32          33   1.3095920010967099     
          25          34   1.2485217627914320     
          33          34   1.3130654474462293     
          34          35   1.1657377050335713     
          35          36  0.97021862743401244     
          35          37   1.6551750941383621     
          37          38  0.96942471714282508     
           3          39   1.3076198281245353     
          25          39   1.2459468680283623     
          37          39   1.1634977412944656     
          33          40   1.0054961677751559     
          40          41   1.3385291986285277     
          41          42   1.3675964396920506     
          40          43  0.10004239460409528     
          42          43   1.4383741459906598     
          43          44  0.96796201280112470     
          43          45   1.4410276904655539     
          40          46   1.3398614459490255     
          45          46   1.3637475350263513     
           1          47  0.60156794953094639     
           2          47  0.57666766387714652     
          24          47  0.58511436227929658     
          25          47  0.58144431944123209     
          47          48  0.58728384261263511     
          26          49  0.99728532248006108     
          49          50   1.3476543416442559     
          49          51   1.3388925149044859     
          50          52   1.3698352598245935     
          50          53   1.0634641025812417     
          51          54   1.3644827917640168     
          51          55   1.0763270944159506     
          52          56  0.95772921556466362     
          52          57   1.4384910722849733     
          54          57   1.4441958145824410     
          53          58   1.2163529455061672     
          53          59  0.92195242796876731     
          54          60  0.95577400820010139     
          55          61   1.2055378462556161     
          55          62  0.91840983991324843     
          57          63  0.96806703727864674     
          53          64  0.16687329637008685     
          58          64   1.6588003317133373     
          58          65  0.99025169225423149     
          55          66  0.16007985781809830     
          61          66   1.6571840382195242     
          61          67  0.99948978095444951     
          65          68  0.95872553620410683     
          65          69  0.96526607898418426     
          65          70  0.89260218684469883     
          68          70  0.94450848244722174     
          67          71  0.95595260692533690     
          67          72  0.96425881818225989     
          67          73  0.88646299825943664     
          71          73  0.94291685602440478     
          68          74  0.97313067089212368     
          68          75  0.97439061356009915     
          70          76  0.96382099506135799     
          70          77   1.0076439821080045     
          71          78  0.97388390458953156     
          71          79  0.96752996877658914     
          73          80  0.96336369374458253     
          73          81   1.0131173092341734     
          77          82   1.1490900747971693     
          77          83   1.6894289935072739     
          82          83  0.16994414179532402     
          81          84   1.1322788682477691     
          81          85   1.6988593532914338     
          84          85  0.16688713271714722     
          82          86  0.89913386463173750     
          84          87  0.90428789425617961     
          86          88   1.0023110132162700     
          86          89   1.0074232742375242     
          86          90  0.96099526142651093     
          87          91   1.0068284241829828     
          87          92   1.0028315716686775     
          87          93  0.96165271598561131     
          88          94  0.98554709998507239     
          88          95  0.98453762841584458     
          88          96  0.98155051569129037     
          89          97  0.98420134928597713     
          89          98  0.98107316171972492     
          89          99  0.98329945511587302     
          91         100  0.98475277315211251     
          91         101  0.98341290085978383     
          91         102  0.98191108108625791     
          92         103  0.98510666001661151     
          92         104  0.98200032829162809     
          92         105  0.98454495867750302     
           3         106   1.0012922054287283     
         106         107   1.3436715705604494     
         106         108   1.3391395082290636     
         107         109   1.3714550310074580     
         107         110   1.0643032324133910     
         108         111   1.3650840231326689     
         108         112   1.0755105994910334     
         109         113  0.95820093864710765     
         109         114   1.4372568766416487     
         111         114   1.4439155112109929     
         110         115   1.2123242530651148     
         110         116  0.91984667423505728     
         111         117  0.95686262202439754     
         112         118   1.2048333947289041     
         112         119  0.91916285687229715     
         114         120  0.96812987322688404     
         110         121  0.16658323586798304     
         115         121   1.6629818286259717     
         115         122  0.98966327123131215     
         112         123  0.16062082296951960     
         118         123   1.6579318999006476     
         118         124  0.99959905926755377     
         122         125  0.95553888376366236     
         122         126  0.96457397514525867     
         122         127  0.89857505448417963     
         125         127  0.94273378046740253     
         124         128  0.95780506547860356     
         124         129  0.96507309805886743     
         124         130  0.88243691231542321     
         128         130  0.94524566790519349     
         125         131  0.97340940491423278     
         125         132  0.97455467385615557     
         127         133  0.96417296400183938     
         127         134   1.0059475654967016     
         128         135  0.97342963766299540     
         128         136  0.96709843551077279     
         130         137  0.96410523063245057     
         130         138   1.0119857827112726     
         134         139   1.1504038520808997     
         134         140   1.6894347096895996     
         139         140  0.16995194065250194     
         138         141   1.1340837268217685     
         138         142   1.6990004488883352     
         141         142  0.16737173877262435     
         139         143  0.89880423704298984     
         141         144  0.90348965638146728     
         143         145   1.0071994764690559     
         143         146   1.0035609474509199     
         143         147  0.96044723589852987     
         144         148   1.0024748159059760     
         144         149   1.0073488082754352     
         144         150  0.96143974171040270     
         145         151  0.97950535553364260     
         145         152  0.98329144876326302     
         145         153  0.98130035179465436     
         146         154  0.98494272010853523     
         146         155  0.98141902900241862     
         146         156  0.98428665070313837     
         148         157  0.98525772423955438     
         148         158  0.98478398681741941     
         148         159  0.98209017768872608     
         149         160  0.98425434107148435     
         149         161  0.98164586145052790     
         149         162  0.98343294569751349     
          19         163  0.96402945735293533     
          22         164  0.96428974597142214     
          42         165  0.96416172115562426     
          45         166  0.96451405144546987     
          18         167   1.0337145115200168     
          23         168   1.0357054091051596     
          41         169   1.0317450007710660     
          46         170   1.0347847167214985     
         167         171  0.97229907749502942     
         171         172   1.3965581579619282     
         171         173   1.3958791167917128     
         172         174   1.4395333855102235     
         173         174  0.11196200432670356     
         172         175  0.96821765322534092     
         172         176  0.11160358609978908     
         173         176   1.4400268066053798     
         173         177  0.96803962899978535     
         171         178  0.10360913948988569     
         174         178   1.4367079424402227     
         176         178   1.4391015404494878     
         174         179  0.96892015418747324     
         176         180  0.96910564687559342     
         178         181  0.96919659092770261     
         168         182  0.98496656541549643     
         182         183   1.3880498259034737     
         182         184   1.3895236860788200     
         183         185   1.4435549926431372     
         184         185  0.11060884350884148     
         183         186  0.96821656489969921     
         183         187  0.11086043943003003     
         184         187   1.4424858389339381     
         184         188  0.96778549715784090     
         182         189  0.10230844609976579     
         185         189   1.4362269721534315     
         187         189   1.4379127604071287     
         185         190  0.96937444920041349     
         187         191  0.96911239728871390     
         189         192  0.96942031924723404     
         169         193  0.99948027006044560     
         193         194   1.3820359756237770     
         193         195   1.3755915124961542     
         194         196   1.4422580151521123     
         195         196  0.10910496619354930     
         194         197  0.96737949541761370     
         194         198  0.10867254484364261     
         195         198   1.4510155380434271     
         195         199  0.96756040322404591     
         196         200   1.4341400617237550     
         198         200   1.4278442760668864     
         196         201  0.96953233494765412     
         198         202  0.96793194771063940     
         200         203  0.96901793643241041     
         170         204  0.98888297519366331     
         204         205   1.3864359663398638     
         204         206   1.3859685517546978     
         205         207   1.4434982799279950     
         206         207  0.11045924379451859     
         205         208  0.96805902420269552     
         205         209  0.11032490113994591     
         206         209   1.4439222848895905     
         206         210  0.96775918575185216     
         204         211  0.10154291707983361     
         207         211   1.4363269049052212     
         209         211   1.4369645981112193     
         207         212  0.96931382845654612     
         209         213  0.96918778706248343     
         211         214  0.96940625839161920     
          47         215   1.5178938157694959     
         215         216   1.4243179728813824     
         217         218   1.0406205550705250     
         218         219   1.3370158768049556     
         216         220   1.1681866534527916     
         219         220   1.5350003416417397     
         216         221   1.1501340403282487     
         221         222   1.0191200278140442     
         222         223   1.0064628514112819     
         223         224   1.0099228628359715     
         224         225   1.4020467103077672     
         225         226   1.4550490246527277     
         224         227  0.10913609054393758     
         226         227   1.4293231915111753     
         225         228  0.11144907257332395     
         227         228   1.4450806746388958     
         224         229   1.4178830399882723     
         226         229  0.10880966476919071     
         228         229   1.4339326917144581     
         218         230   1.3623504690489805     
         221         230   1.4849359263950994     
         217         231  0.94767056543502470     
         217         232  0.98250824100128586     
         217         233  0.96528474916695506     
         219         234  0.96012152682123475     
         220         235  0.96474277588352653     
         222         236  0.94764390035395696     
         222         237  0.95385149160253735     
         223         238  0.96417784877040336     
         223         239  0.95399264396389938     
         225         240  0.96544568622379368     
         226         241  0.97009322483927785     
         227         242  0.97118637457951018     
         228         243  0.97004837805101063     
         229         244  0.96543364938846965     
         230         245  0.95341243595403935     
