   -0.20706634
   -0.20667807
   -0.03132130
    0.06430408
   -0.05675674
    0.02194540
   -0.04700819
    0.01647667
    0.07236832
   -0.00712426
    0.07063548
   -0.05271038
    0.00976490
   -0.05987077
    0.01795602
    0.05736138
   -0.02955041
    0.13950007
   -0.07490086
   -0.03738252
    0.04889659
   -0.07387474
    0.14000057
   -0.26973928
   -0.21044985
   -0.02863757
    0.05551721
   -0.05188847
    0.03862951
   -0.08453568
    0.03880700
    0.08704570
    0.00083817
    0.01459631
   -0.07167847
    0.01294994
   -0.07029924
    0.01659736
    0.05285893
   -0.08737963
    0.09238524
   -0.08243238
   -0.03610790
    0.07761761
   -0.07027156
    0.15472788
    0.77064627
   -0.61868576
   -0.02721418
    0.06939790
    0.07432218
   -0.05690415
   -0.15652928
   -0.05559444
   -0.15889753
    0.07298690
   -0.03267084
    0.27380061
    0.19230956
    0.07502369
    0.27628496
    0.19977700
    0.04795887
   -0.46380518
   -0.03651453
   -0.46427798
   -0.03555194
   -0.04895987
    0.05724096
   -0.04013994
   -0.04764699
    0.06779747
   -0.03993513
    0.07765650
    0.06977917
    0.08301244
    0.35492636
    0.07322143
    0.08798847
    0.08061254
    0.35607727
   -0.29357628
   -0.45485227
   -0.29833267
   -0.45303296
    0.11875940
    0.12243740
   -0.11786153
   -0.12064107
    0.05188899
   -0.11811645
   -0.11529122
    0.04430500
    0.05559063
    0.05535694
    0.05839622
    0.05404927
    0.06088976
    0.06261602
    0.05321439
    0.06370700
    0.05959080
    0.04807208
    0.05867835
    0.05754598
   -0.02673049
    0.06969159
    0.07382756
   -0.05683575
   -0.16025924
   -0.05551363
   -0.15965776
    0.07166878
   -0.03297432
    0.27369077
    0.19955472
    0.07234701
    0.27586308
    0.19864937
    0.04674074
   -0.46332754
   -0.03808699
   -0.46513200
   -0.03563512
   -0.05108090
    0.05901856
   -0.04036546
   -0.04750219
    0.06644328
   -0.03949343
    0.07889345
    0.07191435
    0.08214527
    0.35515613
    0.07297075
    0.08580782
    0.07983816
    0.35586333
   -0.29161716
   -0.45870289
   -0.29809059
   -0.45189020
    0.11963551
    0.12089170
   -0.12114081
   -0.11681158
    0.05143036
   -0.11430256
   -0.12056117
    0.04819781
    0.05535704
    0.06320489
    0.06134927
    0.04999559
    0.05986632
    0.05846472
    0.04818761
    0.05641881
    0.05747445
    0.05596603
    0.06089371
    0.06271851
    0.04114924
    0.04188705
    0.08474201
    0.06734832
   -0.29513866
   -0.28992964
   -0.24188546
   -0.27289872
    0.14015275
   -0.04728998
   -0.04602180
   -0.03146303
    0.04810446
   -0.03130747
    0.04690295
   -0.03589651
    0.04900257
    0.04891344
    0.04924005
    0.14023364
   -0.04903686
   -0.04612975
   -0.03201755
    0.04037319
   -0.03014796
    0.04932807
   -0.03725749
    0.04638210
    0.04975911
    0.04768475
    0.10828227
   -0.17382636
   -0.05680521
   -0.02994982
    0.28983213
   -0.02477938
    0.06643564
   -0.03345915
    0.04576120
    0.06097799
    0.05104136
    0.13646388
   -0.05117449
   -0.04716673
   -0.03092545
    0.04608433
   -0.02881345
    0.05650264
   -0.03489759
    0.05188321
    0.05268709
    0.05103833
   -0.38257210
    0.08090539
   -0.04296521
   -0.03739822
   -0.04338303
   -0.05308025
   -0.03573504
   -0.13559576
   -0.12345411
   -0.03349784
   -0.09761656
   -0.07225400
   -0.03404403
   -0.04401634
   -0.02926134
    0.02279440
    0.02388671
    0.03727601
    0.03029463
    0.03562611
    0.29038757
    0.46465754
    0.33587348
    0.21454259
    0.06425019
    0.04832409
    0.02435616
    0.02229613
