           1           4   1.2264002602166262     
           3           4   1.3439030834493482     
           4           5   1.1556149381494998     
           5           6  0.97049521834516539     
           5           7   1.6625806486749881     
           7           8  0.97072074237641837     
           1           9   1.2392335330542272     
           7           9   1.1589518625901722     
           9          10   1.3243923325886073     
           2          11   1.2561765275528880     
          10          11   1.2829339058417315     
          11          12   1.1826999702864378     
          12          13  0.97105155568757395     
          12          14   1.6233639121616805     
          14          15  0.97075850137489905     
           2          16   1.2332540082799002     
          14          16   1.1840455782199220     
          10          17   1.0064261727106183     
          17          18   1.3393747399656453     
          18          19   1.3658781794105930     
          17          20  0.10190987123677013     
          19          20   1.4360293821490697     
          20          21  0.96887134269415631     
          20          22   1.4414469198501789     
          17          23   1.3381265477338480     
          22          23   1.3618938762543549     
          16          26   1.2945883868326706     
          24          27   1.1822683937931167     
          26          27   1.3114744192352412     
          27          28   1.2027256224322722     
          28          29  0.97066844118887252     
          28          30   1.5798489482767910     
          30          31  0.96767509014924058     
          24          32   1.1382810834570385     
          30          32   1.1151103581943220     
          32          33  0.93923457738505767     
          25          34   1.2499537066566710     
          33          34   1.0907107348388718     
          34          35   1.2665542300861750     
          35          36  0.97068024993920965     
          35          37   1.5419418485038097     
          37          38  0.97138482316512309     
           3          39   1.2383408341389945     
          25          39   1.2453692033016799     
          37          39   1.2408534108618892     
          33          40  0.87188626180516116     
          40          41   1.2580841379684717     
          41          42   1.2935079412202286     
          42          43   1.4547084309092408     
          43          44  0.96491322818584391     
          43          45   1.4033753465099466     
          40          46   1.2868032488425114     
          45          46   1.3753621295933882     
           1          47  0.62623542144262290     
           2          47  0.58982792087862912     
          24          47  0.56715476924891228     
          25          47  0.60137843927892898     
          47          48  0.53321814541450219     
          26          49   1.0001312562424924     
          49          50   1.3469019991935436     
          49          51   1.3357171127477752     
          50          52   1.3670199731733483     
          50          53   1.0666361843267380     
          51          54   1.3614666610328829     
          51          55   1.0833353566245401     
          52          56  0.95812924854511650     
          52          57   1.4381980290466232     
          54          57   1.4443953042075122     
          53          58   1.2170812369850115     
          53          59  0.92112499026871419     
          54          60  0.95608740100888145     
          55          61   1.2037704977114985     
          55          62  0.91687761766859099     
          57          63  0.96842730365017204     
          53          64  0.16737244941311702     
          58          64   1.6508991547647736     
          58          65  0.99403552034187592     
          55          66  0.15989137293547151     
          61          66   1.6509737395648330     
          61          67   1.0039557374035921     
          65          68  0.95994324091591443     
          65          69  0.96459550372331404     
          65          70  0.88950517086750447     
          68          70  0.94174771856126027     
          67          71  0.95528057305050329     
          67          72  0.96348701686511873     
          67          73  0.88441498850282874     
          71          73  0.94075681468748507     
          68          74  0.97286624677861422     
          68          75  0.97423382609808440     
          70          76  0.96299923508877416     
          70          77   1.0134842808025299     
          71          78  0.97342961293933217     
          71          79  0.96648801535304385     
          73          80  0.96274328253856445     
          73          81   1.0175459733452592     
          77          82   1.1402419250500324     
          77          83   1.6941795624389047     
          82          83  0.16935637933981770     
          81          84   1.1264062035571090     
          81          85   1.6986905923229179     
          84          85  0.16577226124586719     
          82          86  0.89810420336540753     
          84          87  0.90382935676790221     
          86          88   1.0039087532157001     
          86          89   1.0082054383025265     
          86          90  0.96004215337088261     
          87          91   1.0080007535810933     
          87          92   1.0042118826562034     
          87          93  0.96092821500466519     
          88          94  0.97503598970891270     
          88          95  0.98400228471836926     
          88          96  0.98142843097050680     
          89          97  0.98428494396945720     
          89          98  0.98094348357048800     
          89          99  0.98302241754822695     
          91         100  0.98455841050319326     
          91         101  0.98302711800109721     
          91         102  0.98171468214957813     
          92         103  0.98483175144739488     
          92         104  0.98166859704254572     
          92         105  0.98421229457724946     
           3         106   1.0053930705942078     
         106         107   1.3418585449175866     
         106         108   1.3360502366658451     
         107         109   1.3691006742909728     
         107         110   1.0687250841160727     
         108         111   1.3620138620544124     
         108         112   1.0813733769179004     
         109         113  0.95878565717613751     
         109         114   1.4366306227036780     
         111         114   1.4441720379144860     
         110         115   1.2156216720909208     
         110         116  0.91729069388696383     
         111         117  0.95738527857726241     
         112         118   1.2046035791409102     
         112         119  0.91735527815601225     
         114         120  0.96866036804598432     
         110         121  0.16830495580829460     
         115         121   1.6541038001396093     
         115         122  0.99200110454714230     
         112         123  0.16099418070016894     
         118         123   1.6504178740104092     
         118         124   1.0035409344734043     
         122         125  0.95552410867224358     
         122         126  0.96440032392448516     
         122         127  0.89839914595208648     
         125         127  0.93951764518677927     
         124         128  0.95887325323932848     
         124         129  0.96417706238069301     
         124         130  0.87919656265920487     
         128         130  0.94239620141742331     
         125         131  0.97290851744187545     
         125         132  0.97383374930133271     
         127         133  0.96356926453474434     
         127         134   1.0120189516661553     
         128         135  0.97322405740468731     
         128         136  0.96621601068620400     
         130         137  0.96346058038402349     
         130         138   1.0175037290809006     
         134         139   1.1459389408679428     
         134         140   1.6875707172223247     
         139         140  0.16891133777829218     
         138         141   1.1278701837681044     
         138         142   1.6986299631405399     
         141         142  0.16622652189039328     
         139         143  0.89842761185180409     
         141         144  0.90254734616424803     
         143         145   1.0087468629955005     
         143         146   1.0045459542608834     
         143         147  0.96045877035567273     
         144         148   1.0044678313617581     
         144         149   1.0082268629301683     
         144         150  0.96040895347198840     
         145         151  0.98412811897616814     
         145         152  0.98292020016049331     
         145         153  0.98094628179063459     
         146         154  0.98462259150948184     
         146         155  0.98114359013320052     
         146         156  0.98397925791464769     
         148         157  0.98483913615048990     
         148         158  0.98431695970059541     
         148         159  0.98173084723980986     
         149         160  0.98418936912711952     
         149         161  0.98145065658660935     
         149         162  0.98311594873915031     
          19         163  0.96456137185994562     
          22         164  0.96484330058971790     
          42         165  0.94874246656403549     
          45         166  0.96280927784505133     
          18         167   1.0289822322944582     
          23         168   1.0327606810645693     
          41         169  0.97693314869958914     
          46         170   1.0575495021790078     
         167         171  0.97893875146828191     
         171         172   1.3919616251998885     
         171         173   1.3943373247998179     
         172         174   1.4424825088027353     
         173         174  0.11124881769783374     
         172         175  0.96814192541025390     
         172         176  0.11182016895841160     
         173         176   1.4405377894187947     
         173         177  0.96818594948073766     
         171         178  0.10418595494575830     
         174         178   1.4368605393044416     
         176         178   1.4384568655546759     
         174         179  0.96915038230738049     
         176         180  0.96914158992325650     
         178         181  0.96940389148218109     
         168         182  0.98958092356483407     
         182         183   1.3836855025891677     
         182         184   1.3889126648666610     
         183         185   1.4458618747905108     
         184         185  0.11007669636548922     
         183         186  0.96838370725781242     
         183         187  0.11066953937933637     
         184         187   1.4413383796194881     
         184         188  0.96784658837422910     
         182         189  0.10217403087970982     
         185         189   1.4335750881422809     
         187         189   1.4384661614182788     
         185         190  0.96936975588377639     
         187         191  0.96907715866588595     
         189         192  0.96956610442792557     
         169         193  0.90651826956921588     
         193         194   1.3417229739988337     
         193         195   1.2921095471519648     
         194         196   1.3914281763251983     
         195         196  0.10533418692234633     
         194         197  0.60747303567754063     
         195         198   1.4540656733710424     
         195         199  0.95627949463932960     
         196         200   1.4405111927300707     
         198         200   1.4059154238138714     
         196         201  0.96796949431955326     
         198         202  0.96630404089046906     
         200         203  0.96736638912735429     
         170         204  0.98110605852242994     
         204         205   1.3846521399176845     
         204         206   1.3891812693002925     
         205         207   1.4446580730159719     
         206         207  0.11033506694731410     
         205         208  0.96742480013124954     
         205         209  0.11068823757792576     
         206         209   1.4412405783153841     
         206         210  0.96696308797338826     
         204         211  0.10215996719656130     
         207         211   1.4345979208776691     
         209         211   1.4385032376208604     
         207         212  0.96877999603442932     
         209         213  0.96878568761793449     
         211         214  0.96925533037602074     
          47         215   1.4313955254867281     
         215         216   1.2297875028376299     
         216         217   1.2930103495292857     
         217         218   1.4733018125162938     
         218         219   1.4059856991442048     
         217         220  0.10071631098807526     
         219         220   1.4283132186842475     
         216         221   1.2531032363770680     
         220         221   1.4260993381306617     
         221         222  0.99918913136145682     
          24         223  0.10071102660891709     
          32         223  0.15680157861428387     
          33         223  0.49434586714485396     
         222         223  0.90707809202699541     
         223         224  0.98551786284343057     
         194         225  0.10585122481766282     
         197         225  0.18692842831379930     
         224         225   1.3442757428005327     
         225         226   1.2217170237075767     
         226         227   1.5159814274372558     
         227         228   1.3533242335129620     
         224         229   1.3311356137991235     
         226         229  0.11147343029622218     
         228         229   1.4771627048933276     
         217         230  0.97100314315612635     
         218         231  0.97007743623971066     
         219         232  0.97016832882682724     
         220         233  0.96282978910476313     
         222         234  0.94690344225086509     
         193         235  0.11419349635974953     
         222         235  0.67520033581787209     
          33         236  0.23447125216675166     
          40         236  0.15202953594532642     
         223         236  0.32373984816488377     
          32         237  0.34499468545245560     
         223         237  0.43424681975789386     
         225         238  0.77316805090919150     
         226         239  0.94964114797899901     
         227         240  0.96355974666142141     
         228         241  0.97173352604066632     
         229         242  0.96487425398541460     
