   -0.20082246
   -0.20306366
   -0.03023413
    0.07833884
   -0.05247786
    0.03966574
   -0.03993977
    0.03490783
    0.07721294
    0.01119057
    0.07579016
   -0.04677411
    0.02663995
   -0.05632927
    0.03378533
    0.07071366
   -0.03103156
    0.14156581
   -0.07397061
   -0.03539667
    0.05380768
   -0.07264462
    0.14236155
   -0.21244379
   -0.21014546
   -0.02034190
    0.07798608
   -0.04416784
    0.04399249
   -0.04244514
    0.03596564
    0.07483098
    0.00605889
    0.07425194
   -0.03978139
    0.05833043
   -0.05542917
    0.05507600
    0.07805413
   -0.03394845
    0.13590090
   -0.06883576
   -0.03398297
    0.06019316
   -0.06937611
    0.14419504
    0.75237591
   -0.59287177
   -0.02634936
    0.07067712
    0.07553335
   -0.05623788
   -0.15813451
   -0.05435231
   -0.16023037
    0.07512271
   -0.03214321
    0.27506743
    0.19854179
    0.07756310
    0.27814948
    0.19947915
    0.05217433
   -0.46112967
   -0.03797171
   -0.46217243
   -0.03798648
   -0.05126973
    0.05232409
   -0.04272233
   -0.04869103
    0.06853622
   -0.04149397
    0.07944366
    0.06946020
    0.08339806
    0.35847558
    0.07289047
    0.08734313
    0.07989071
    0.35836873
   -0.29131718
   -0.45668041
   -0.29544000
   -0.45314454
    0.11909277
    0.12159055
   -0.11893036
   -0.12430062
    0.05212108
   -0.12178355
   -0.11851541
    0.04461940
    0.05440887
    0.05710477
    0.06045580
    0.05605537
    0.06276883
    0.06432643
    0.05508903
    0.06440663
    0.06117480
    0.04941222
    0.05995235
    0.05811059
   -0.02770808
    0.07041008
    0.07505803
   -0.05535095
   -0.16232939
   -0.05405780
   -0.16077345
    0.07476970
   -0.03166063
    0.27558258
    0.19844432
    0.07591220
    0.27783663
    0.19991199
    0.05193155
   -0.45825621
   -0.04057606
   -0.46179169
   -0.03834424
   -0.05165493
    0.05658347
   -0.04190809
   -0.04894916
    0.06711175
   -0.04099948
    0.07885926
    0.07055063
    0.08264285
    0.35792509
    0.07387845
    0.08578048
    0.07925349
    0.35820930
   -0.28816778
   -0.45751326
   -0.29481061
   -0.45250673
    0.11883700
    0.12017732
   -0.12478914
   -0.11964763
    0.05089569
   -0.11741812
   -0.12391945
    0.04818675
    0.05746420
    0.06429211
    0.06333628
    0.05064682
    0.06098985
    0.05923827
    0.04856748
    0.05773668
    0.05888554
    0.05699934
    0.06213765
    0.06394398
    0.04533139
    0.04650588
    0.05656148
    0.05350025
   -0.29427110
   -0.28986579
   -0.28760517
   -0.28304762
    0.13966553
   -0.04794898
   -0.04654821
   -0.03183512
    0.04981265
   -0.03030607
    0.04908503
   -0.03511351
    0.05112185
    0.05127468
    0.05060494
    0.13898349
   -0.04961166
   -0.04668380
   -0.03183890
    0.04211470
   -0.03003813
    0.05122845
   -0.03660591
    0.04774374
    0.05114048
    0.04821823
    0.13376800
   -0.04830334
   -0.05022131
   -0.02669109
    0.04088549
   -0.02903211
    0.04664755
   -0.03701599
    0.04867204
    0.05525355
    0.04749181
    0.13760745
   -0.05125310
   -0.04834207
   -0.03210734
    0.04331806
   -0.03001288
    0.05256091
   -0.03667388
    0.04980668
    0.05080655
    0.04877459
   -0.32758507
    0.11478753
    0.02885860
   -0.28215510
    0.36032750
   -0.43996374
   -0.05218689
   -0.05002754
    0.03228211
   -0.03577277
   -0.03705545
   -0.02723310
   -0.03780084
    0.06447954
    0.07870546
    0.07259188
    0.08205729
    0.20124934
    0.06325454
    0.06953710
    0.05840341
    0.04777859
    0.04933913
    0.04989331
