           1           4   1.2507476630057033     
           3           4   1.3354480824564443     
           4           5   1.1450519889598167     
           5           6  0.96960224468297029     
           5           7   1.6761644907688833     
           7           8  0.96990341577339378     
           1           9   1.2399814697858893     
           7           9   1.1493233876989273     
           9          10   1.3319466703646841     
           2          11   1.2554525437088424     
          10          11   1.2915400520763429     
          11          12   1.1698994278922659     
          12          13  0.97073031941718857     
          12          14   1.6448037221805443     
          14          15  0.97034273564755291     
           2          16   1.2562634851614738     
          14          16   1.1695171955767465     
          10          17   1.0045156173212852     
          17          18   1.3392439682480231     
          18          19   1.3649130229244837     
          17          20  0.10075060328640353     
          19          20   1.4377583016732780     
          20          21  0.96828853876562837     
          20          22   1.4423412176486110     
          17          23   1.3379375403868792     
          22          23   1.3619735162781736     
          16          26   1.2896058059431299     
          24          27   1.2636724365088465     
          26          27   1.3125103001337814     
          27          28   1.1444537069671938     
          28          29  0.96882504675744419     
          28          30   1.6916560558723845     
          30          31  0.96965749122579104     
          24          32   1.1806113021300744     
          30          32   1.1281605698767507     
          32          33   1.4530909148884332     
          25          34   1.0670111253589025     
          33          34   1.0222142199095634     
          34          35   1.0239506807764827     
          35          36  0.96746985579834255     
          35          37   1.7136445375824825     
          37          38  0.96730482531873885     
           3          39   1.2415332177049270     
          25          39   1.3497231895181760     
          37          39   1.1541229266793089     
          33          40   1.0092209416111979     
          40          41   1.3373850616587875     
          41          42   1.3705030773179006     
          42          43   1.4367564418051941     
          43          44  0.96759644935640610     
          43          45   1.4427034051813894     
          40          46   1.3339283860526143     
          45          46   1.3626930827482653     
           1          47  0.60528345136205530     
           2          47  0.57068369040250500     
          24          47  0.62225718697026300     
          25          47  0.58379953576527954     
          47          48  0.57416930338229444     
          26          49  0.99777103308805648     
          49          50   1.3472135735430593     
          49          51   1.3395179607587491     
          50          52   1.3700891087699540     
          50          53   1.0630489142187567     
          51          54   1.3639607947297729     
          51          55   1.0768402086863043     
          52          56  0.95794532460298010     
          52          57   1.4379822402010247     
          54          57   1.4445885364010975     
          53          58   1.2202337263374465     
          53          59  0.91940198930923700     
          54          60  0.95592049033065485     
          55          61   1.2066215024770697     
          55          62  0.91782782602980129     
          57          63  0.96818326411240652     
          53          64  0.16808116200556703     
          58          64   1.6547268760379727     
          58          65  0.98956995891703703     
          55          66  0.16005806151046398     
          61          66   1.6558086861749404     
          61          67  0.99956038422050830     
          65          68  0.95878154646538927     
          65          69  0.96301992842880069     
          65          70  0.89373984910225146     
          68          70  0.94519436852596839     
          67          71  0.95597380403061960     
          67          72  0.96410640279547521     
          67          73  0.88648782940907511     
          71          73  0.94261157721181554     
          68          74  0.97301055631072531     
          68          75  0.97488599456202951     
          70          76  0.96371496204664409     
          70          77   1.0048291284166104     
          71          78  0.97392230952687031     
          71          79  0.96745712364745973     
          73          80  0.96346921178625911     
          73          81   1.0133722778950667     
          77          82   1.1458755229276207     
          77          83   1.6951479273609966     
          82          83  0.17013323739092073     
          81          84   1.1311992797060950     
          81          85   1.6994764705711130     
          84          85  0.16665746051888486     
          82          86  0.89807240794437315     
          84          87  0.90463328072322691     
          86          88   1.0023453669292761     
          86          89   1.0071396079325317     
          86          90  0.96143772133566674     
          87          91   1.0068310437162653     
          87          92   1.0028153614040638     
          87          93  0.96166178823240578     
          88          94  0.98216454605512737     
          88          95  0.98484190213288370     
          88          96  0.98150413580291851     
          89          97  0.98435933508223139     
          89          98  0.98118619791129513     
          89          99  0.98330219640520411     
          91         100  0.98478602290414330     
          91         101  0.98343749669246250     
          91         102  0.98196374304186451     
          92         103  0.98509667406986956     
          92         104  0.98205165087274515     
          92         105  0.98456625226904804     
           3         106   1.0026227358483297     
         106         107   1.3437121997099586     
         106         108   1.3381644842316711     
         107         109   1.3721040515548628     
         107         110   1.0633361594271191     
         108         111   1.3650086461685298     
         108         112   1.0767137191528551     
         109         113  0.95847378557509155     
         109         114   1.4367268954985226     
         111         114   1.4441568786416754     
         110         115   1.2146111829245361     
         110         116  0.91860243751708925     
         111         117  0.95703880475725689     
         112         118   1.2057812520353768     
         112         119  0.91777337491997479     
         114         120  0.96829656942691489     
         110         121  0.16743002221610953     
         115         121   1.6620524201395337     
         115         122  0.98890609616634695     
         112         123  0.16048859789369058     
         118         123   1.6567909106105634     
         118         124  0.99964662110638258     
         122         125  0.95466224288966217     
         122         126  0.96534660860178212     
         122         127  0.89982400438376409     
         125         127  0.94382405671780445     
         124         128  0.95812537287547306     
         124         129  0.96474483032347735     
         124         130  0.88210762525314257     
         128         130  0.94500012349211071     
         125         131  0.97324420171629800     
         125         132  0.97446598027446829     
         127         133  0.96418466146330306     
         127         134   1.0046364290806200     
         128         135  0.97356547947620997     
         128         136  0.96717543674656570     
         130         137  0.96417449559424162     
         130         138   1.0123223522638656     
         134         139   1.1499361806416823     
         134         140   1.6930118987428653     
         139         140  0.17037501177034417     
         138         141   1.1328295505718973     
         138         142   1.6999005060086676     
         141         142  0.16719333790663152     
         139         143  0.89912045693936271     
         141         144  0.90384179162003975     
         143         145   1.0072242357533285     
         143         146   1.0034954158741074     
         143         147  0.96127905281140502     
         144         148   1.0024286069864738     
         144         149   1.0073715689201179     
         144         150  0.96145060630994894     
         145         151  0.98441596835455070     
         145         152  0.98331211113800332     
         145         153  0.98124163624471472     
         146         154  0.98492706008636344     
         146         155  0.98143657502847614     
         146         156  0.98422390821669048     
         148         157  0.98519631272062191     
         148         158  0.98480009414824676     
         148         159  0.98217262731285182     
         149         160  0.98429848248683360     
         149         161  0.98170429530549563     
         149         162  0.98345781206260052     
          19         163  0.96405516762642707     
          22         164  0.96434830732179544     
          42         165  0.96367424779534105     
          45         166  0.96396841364099140     
          18         167   1.0327493827755982     
          23         168   1.0358428627552323     
          41         169   1.0293485884152294     
          46         170   1.0413983879775102     
         167         171  0.97435850095622367     
         171         172   1.3892434157553213     
         171         173   1.3960832443690310     
         172         174   1.4417977574798115     
         173         174  0.11109975798535957     
         172         175  0.96792699515478120     
         172         176  0.11164033740920715     
         173         176   1.4397914530425575     
         173         177  0.96807914401701889     
         171         178  0.10449362394113590     
         174         178   1.4365803833883468     
         176         178   1.4397347261037123     
         174         179  0.96907595307957295     
         176         180  0.96904127157348929     
         178         181  0.96921750216663582     
         168         182  0.98506482988776867     
         182         183   1.3879624487294606     
         182         184   1.3893919192333082     
         183         185   1.4435764769713937     
         184         185  0.11059560011593170     
         183         186  0.96826826879736883     
         183         187  0.11084895246378795     
         184         187   1.4425160283900897     
         184         188  0.96778246059197792     
         182         189  0.10228447955087352     
         185         189   1.4361987187413907     
         187         189   1.4378834415854505     
         185         190  0.96939608519872555     
         187         191  0.96910199910584927     
         189         192  0.96942247651141400     
         169         193  0.98966878192800634     
         193         194   1.3882012810069342     
         193         195   1.3750152935470576     
         194         196   1.4388142336776482     
         195         196  0.11007509674379297     
         194         197  0.96718241563619667     
         194         198  0.10892982031085791     
         195         198   1.4478662948609311     
         195         199  0.96609731561890155     
         193         200  0.10077387704331578     
         196         200   1.4397237169709745     
         198         200   1.4316227683121723     
         196         201  0.96927236156808305     
         198         202  0.96796450776897447     
         200         203  0.96951093452333381     
         170         204  0.98621976859193361     
         204         205   1.3872970725866738     
         204         206   1.3869455648287423     
         205         207   1.4430300994867242     
         206         207  0.11065142107542876     
         205         208  0.96785719849699037     
         205         209  0.11042580205895589     
         206         209   1.4436345939325390     
         206         210  0.96764754423206956     
         204         211  0.10168639149409660     
         207         211   1.4366562442931217     
         209         211   1.4371450393261629     
         207         212  0.96924230206038098     
         209         213  0.96916254952599123     
         211         214  0.96938444266490742     
          47         215   1.2071276816191210     
          47         216  0.11932312862049693     
         215         216   1.7051837010070221     
         217         218  0.94725839581648275     
         218         219   1.1156599378468961     
         218         220  0.16617467380668777     
         219         220   1.7162537959790423     
         219         221   1.0050202412406324     
         221         222  0.96987081070806258     
         216         223  0.95363579047667146     
         221         223  0.86793508632397565     
         222         223  0.87487586009204732     
         223         224   1.0645319642848814     
         224         225   1.7548439826848219     
         225         226   1.1646714399557627     
         216         227   1.0840512815665948     
         224         227  0.11412638722993050     
         226         227   1.7058167321179880     
         217         228  0.97410517526007057     
         217         229  0.97767363764695514     
         217         230  0.97480329067545557     
         221         231  0.93171109258383078     
          34         232  0.70947149863840742     
         222         233  0.96862911853795630     
         222         234  0.97104346388482277     
         224         235  0.95772228937301285     
         225         236  0.96750119365301745     
         226         237  0.95868254887466842     
         227         238  0.96354164226319472     
